,企业代号,发票号码,开票日期,销方单位代号,金额,税额,价税合计,发票状态
209160,E196,4886730,2017/1/4,C15953,7478.63,1271.37,8750.0,有效发票
209161,E196,4893153,2017/1/7,C12586,3630.77,617.23,4248.0,有效发票
209162,E196,6819440,2017/1/10,C07483,56829.83,9661.07,66490.9,有效发票
209163,E196,4888421,2017/1/12,C07841,4059.83,690.17,4750.0,有效发票
209164,E196,969910,2017/1/13,C12385,36950.98,6281.67,43232.65,有效发票
209165,E196,201461,2017/1/13,C12822,5196.58,883.42,6080.0,有效发票
209166,E196,4783589,2017/1/13,C15480,9914.53,1685.47,11600.0,有效发票
209167,E196,4783590,2017/1/13,C15480,9914.53,1685.47,11600.0,有效发票
209168,E196,4783591,2017/1/13,C15480,9914.53,1685.47,11600.0,有效发票
209169,E196,4783592,2017/1/13,C15480,9914.53,1685.47,11600.0,有效发票
209170,E196,4783593,2017/1/13,C15480,9914.53,1685.47,11600.0,有效发票
209171,E196,2599435,2017/1/13,C15480,9914.53,1685.47,11600.0,有效发票
209172,E196,2599436,2017/1/13,C15480,9914.53,1685.47,11600.0,有效发票
209173,E196,2599437,2017/1/13,C15480,1571.45,267.15,1838.6,有效发票
209174,E196,4886731,2017/1/13,C15953,1504.27,255.73,1760.0,作废发票
209175,E196,2177053,2017/1/14,C07762,2820.51,479.49,3300.0,有效发票
209176,E196,2617668,2017/1/16,C13349,4875.3,828.8,5704.1,有效发票
209177,E196,3636587,2017/1/16,C16108,33750.0,5737.5,39487.5,有效发票
209178,E196,4563532,2017/1/18,C12416,6916.67,1175.83,8092.5,有效发票
209179,E196,4563533,2017/1/18,C12416,6940.17,1179.83,8120.0,有效发票
209180,E196,2586948,2017/1/18,C13284,3341.88,568.12,3910.0,有效发票
209181,E196,4982210,2017/1/18,C15065,27149.58,4615.42,31765.0,有效发票
209182,E196,4966176,2017/1/20,C16039,63325.95,10765.41,74091.36,有效发票
209183,E196,2659774,2017/1/21,C14861,98405.26,16728.89,115134.15,有效发票
209184,E196,2659775,2017/1/21,C14861,87954.45,14952.26,102906.71,有效发票
209185,E196,4836976,2017/2/6,C12725,5384.62,915.38,6300.0,有效发票
209186,E196,2227335,2017/2/9,C02304,660.38,39.62,700.0,有效发票
209187,E196,2227336,2017/2/9,C02304,2388.29,143.3,2531.59,有效发票
209188,E196,2227337,2017/2/9,C02304,1879.78,112.79,1992.57,有效发票
209189,E196,2227338,2017/2/9,C02304,660.38,39.62,700.0,有效发票
209190,E196,1464901,2017/2/9,C03202,7547.17,452.83,8000.0,有效发票
209191,E196,3049339,2017/2/13,C15882,10853.0,1845.0,12698.0,有效发票
209192,E196,4779424,2017/2/16,C12690,3846.15,653.85,4500.0,有效发票
209193,E196,4888428,2017/2/17,C07841,3514.96,597.54,4112.5,有效发票
209194,E196,2572898,2017/2/21,C13284,37217.95,6327.05,43545.0,有效发票
209195,E196,4306088,2017/2/21,C13349,25728.38,4373.82,30102.2,有效发票
209196,E196,2785717,2017/2/21,C15065,13213.67,2246.33,15460.0,有效发票
209197,E196,2599443,2017/2/21,C15480,9914.53,1685.47,11600.0,有效发票
209198,E196,2599444,2017/2/21,C15480,9914.53,1685.47,11600.0,有效发票
209199,E196,2599445,2017/2/21,C15480,9914.53,1685.47,11600.0,有效发票
209200,E196,2599446,2017/2/21,C15480,9914.53,1685.47,11600.0,有效发票
209201,E196,2599447,2017/2/21,C15480,9914.53,1685.47,11600.0,有效发票
209202,E196,2599448,2017/2/21,C15480,9914.53,1685.47,11600.0,有效发票
209203,E196,2599449,2017/2/21,C15480,9914.53,1685.47,11600.0,有效发票
209204,E196,2599450,2017/2/21,C15480,9914.53,1685.47,11600.0,有效发票
209205,E196,2599451,2017/2/21,C15480,9914.53,1685.47,11600.0,有效发票
209206,E196,2599452,2017/2/21,C15480,2205.81,374.99,2580.8,有效发票
209207,E196,3851877,2017/2/22,C06909,3717.95,632.05,4350.0,有效发票
209208,E196,4883950,2017/2/22,C13186,67776.15,11521.95,79298.1,有效发票
209209,E196,4883951,2017/2/22,C13186,78852.38,13404.9,92257.28,有效发票
209210,E196,798156,2017/2/22,C13705,6923.08,1176.92,8100.0,有效发票
209211,E196,2742103,2017/2/22,C14436,865.81,147.19,1013.0,有效发票
209212,E196,2834604,2017/2/23,C06776,76501.33,13005.22,89506.55,有效发票
209213,E196,2834605,2017/2/23,C06776,57623.32,9795.97,67419.29,有效发票
209214,E196,2834606,2017/2/23,C06776,97401.53,16558.26,113959.79,有效发票
209215,E196,2834607,2017/2/23,C06776,97755.77,16618.48,114374.25,有效发票
209216,E196,2834608,2017/2/23,C06776,95877.91,16299.25,112177.16,有效发票
209217,E196,2834609,2017/2/23,C06776,51489.17,8753.17,60242.34,有效发票
209218,E196,5616051,2017/2/23,C12474,8758.98,1489.02,10248.0,有效发票
209219,E196,2818885,2017/2/24,C13349,5998.29,1019.71,7018.0,有效发票
209220,E196,4753180,2017/2/27,C06320,5660.38,339.62,6000.0,有效发票
209221,E196,2177074,2017/2/27,C07762,2641.03,448.97,3090.0,有效发票
209222,E196,2863996,2017/2/27,C13186,62867.42,10687.46,73554.88,有效发票
209223,E196,2863997,2017/2/27,C13186,35924.24,6107.12,42031.36,有效发票
209224,E196,4685962,2017/2/27,C14175,13899.57,2362.93,16262.5,有效发票
209225,E196,3952892,2017/2/27,C14229,1628.21,276.8,1905.01,有效发票
209226,E196,3117238,2017/2/27,C14861,63090.17,10725.33,73815.5,有效发票
209227,E196,2882501,2017/2/27,C16039,98560.38,16755.26,115315.64,作废发票
209228,E196,2882502,2017/2/27,C16039,98560.38,16755.26,115315.64,有效发票
209229,E196,2882503,2017/2/27,C16039,97437.28,16564.34,114001.62,有效发票
209230,E196,2695286,2017/3/1,C16339,1128.2,191.8,1320.0,有效发票
209231,E196,1611889,2017/3/2,C05734,2735.04,464.96,3200.0,作废发票
209232,E196,1611890,2017/3/3,C05734,2735.04,464.96,3200.0,有效发票
209233,E196,2880292,2017/3/9,C14436,15299.15,2600.85,17900.0,有效发票
209234,E196,5249383,2017/3/12,C02369,17094.02,2905.98,20000.0,有效发票
209235,E196,2972537,2017/3/17,C06776,83446.75,14185.94,97632.69,有效发票
209236,E196,2972538,2017/3/17,C06776,70861.75,12046.49,82908.24,有效发票
209237,E196,2972539,2017/3/17,C06776,78616.22,13364.75,91980.97,有效发票
209238,E196,2972540,2017/3/17,C06776,99854.69,16975.3,116829.99,有效发票
209239,E196,2972541,2017/3/17,C06776,86925.03,14777.25,101702.28,有效发票
209240,E196,2972542,2017/3/17,C06776,93291.03,15859.47,109150.5,有效发票
209241,E196,2972543,2017/3/17,C06776,77918.55,13246.16,91164.71,有效发票
209242,E196,2972544,2017/3/17,C06776,16148.48,2745.25,18893.73,有效发票
209243,E196,2916385,2017/3/18,C14861,99998.82,16999.8,116998.62,有效发票
209244,E196,2916400,2017/3/18,C14861,99999.14,16999.85,116998.99,有效发票
209245,E196,2899529,2017/3/20,C12725,8177.78,1390.22,9568.0,有效发票
209246,E196,2870008,2017/3/20,C13186,75032.52,12755.53,87788.05,有效发票
209247,E196,4685967,2017/3/20,C14175,2918.81,496.19,3415.0,有效发票
209248,E196,3209871,2017/3/21,C13349,6084.62,1034.38,7119.0,有效发票
209249,E196,6554294,2017/3/22,C12416,9247.86,1572.14,10820.0,有效发票
209250,E196,6554295,2017/3/22,C12416,2329.07,395.93,2725.0,有效发票
209251,E196,2832439,2017/3/22,C13284,15160.26,2577.24,17737.5,有效发票
209252,E196,6656000,2017/3/23,C15065,13372.65,2273.35,15646.0,有效发票
209253,E196,4161633,2017/3/24,C12212,416.98,25.02,442.0,有效发票
209254,E196,3890127,2017/3/24,C13284,2047.86,348.14,2396.0,有效发票
209255,E196,6668050,2017/3/24,C16039,50505.19,8585.88,59091.07,有效发票
209256,E196,2972733,2017/3/27,C06776,95076.43,16162.99,111239.42,有效发票
209257,E196,1717712,2017/3/27,C13186,68376.07,11623.93,80000.0,有效发票
209258,E196,2710791,2017/3/27,C13284,67636.75,11498.25,79135.0,有效发票
209259,E196,2877699,2017/3/27,C15480,9914.53,1685.47,11600.0,有效发票
209260,E196,2877700,2017/3/27,C15480,9914.53,1685.47,11600.0,有效发票
209261,E196,2877701,2017/3/27,C15480,9914.53,1685.47,11600.0,有效发票
209262,E196,2877702,2017/3/27,C15480,9914.53,1685.47,11600.0,有效发票
209263,E196,2877703,2017/3/27,C15480,9914.53,1685.47,11600.0,有效发票
209264,E196,2877704,2017/3/27,C15480,7939.79,1349.76,9289.55,有效发票
209265,E196,2972754,2017/3/28,C06776,96787.35,16453.85,113241.2,有效发票
209266,E196,2972755,2017/3/28,C06776,96153.76,16346.14,112499.9,有效发票
209267,E196,2972756,2017/3/28,C06776,96153.76,16346.14,112499.9,有效发票
209268,E196,6680068,2017/3/29,C06776,85203.97,14484.67,99688.64,有效发票
209269,E196,6680069,2017/3/29,C06776,81365.26,13832.1,95197.36,有效发票
209270,E196,6635726,2017/3/29,C14175,521.37,88.63,610.0,有效发票
209271,E196,6582464,2017/3/29,C14861,88099.28,14976.87,103076.15,有效发票
209272,E196,6582465,2017/3/29,C14861,73264.93,12455.04,85719.97,有效发票
209273,E196,1890013,2017/3/30,C13186,1500.0,255.0,1755.0,有效发票
209274,E196,50185437,2017/3/30,C27607,311.32,18.68,330.0,有效发票
209275,E196,6847073,2017/4/6,C08050,37735.85,2264.15,40000.0,有效发票
209276,E196,5633366,2017/4/6,C13000,2692.31,457.69,3150.0,有效发票
209277,E196,3332275,2017/4/7,C07218,14563.11,436.89,15000.0,有效发票
209278,E196,2899277,2017/4/7,C13349,4789.15,814.15,5603.3,有效发票
209279,E196,2951903,2017/4/13,C13284,8947.44,1521.06,10468.5,有效发票
209280,E196,2963834,2017/4/14,C13284,15760.68,2679.32,18440.0,作废发票
209281,E196,6476563,2017/4/17,C12212,664.15,39.85,704.0,有效发票
209282,E196,6672033,2017/4/17,C15065,6360.68,1081.32,7442.0,有效发票
209283,E196,2963839,2017/4/19,C13284,16846.15,2863.85,19710.0,有效发票
209284,E196,6554303,2017/4/20,C12416,3294.87,560.13,3855.0,有效发票
209285,E196,5616078,2017/4/20,C12474,8758.98,1489.02,10248.0,有效发票
209286,E196,6750773,2017/4/20,C16039,14947.36,2541.05,17488.41,有效发票
209287,E196,6844258,2017/4/21,C11979,99999.15,16999.85,116999.0,有效发票
209288,E196,6844259,2017/4/21,C11979,99999.15,16999.85,116999.0,有效发票
209289,E196,6844260,2017/4/21,C11979,99999.15,16999.85,116999.0,有效发票
209290,E196,6844261,2017/4/21,C11979,99999.15,16999.85,116999.0,有效发票
209291,E196,6844262,2017/4/21,C11979,99999.15,16999.85,116999.0,有效发票
209292,E196,6844263,2017/4/21,C11979,99999.15,16999.85,116999.0,有效发票
209293,E196,6844264,2017/4/21,C11979,99999.15,16999.85,116999.0,有效发票
209294,E196,6844265,2017/4/21,C11979,99999.15,16999.85,116999.0,有效发票
209295,E196,6844266,2017/4/21,C11979,99999.15,16999.85,116999.0,有效发票
209296,E196,6844267,2017/4/21,C11979,89833.87,15271.76,105105.63,有效发票
209297,E196,6418305,2017/4/21,C13349,7002.56,1190.44,8193.0,有效发票
209298,E196,4792855,2017/4/23,C13669,4717.95,802.05,5520.0,有效发票
209299,E196,6680268,2017/4/24,C06776,95385.72,16215.58,111601.3,有效发票
209300,E196,6680269,2017/4/24,C06776,97153.89,16516.16,113670.05,有效发票
209301,E196,6680270,2017/4/24,C06776,95160.94,16177.36,111338.3,有效发票
209302,E196,6680271,2017/4/24,C06776,99946.77,16990.95,116937.72,有效发票
209303,E196,6680272,2017/4/24,C06776,99946.77,16990.95,116937.72,有效发票
209304,E196,7286633,2017/4/25,C12416,30170.94,5129.06,35300.0,有效发票
209305,E196,2877711,2017/4/25,C15480,9914.53,1685.47,11600.0,有效发票
209306,E196,2877712,2017/4/25,C15480,9914.53,1685.47,11600.0,有效发票
209307,E196,2877713,2017/4/25,C15480,9914.53,1685.47,11600.0,有效发票
209308,E196,2877714,2017/4/25,C15480,9914.53,1685.47,11600.0,有效发票
209309,E196,2877715,2017/4/25,C15480,9914.53,1685.47,11600.0,有效发票
209310,E196,2877716,2017/4/25,C15480,9914.53,1685.47,11600.0,有效发票
209311,E196,2877717,2017/4/25,C15480,9914.53,1685.47,11600.0,有效发票
209312,E196,6889915,2017/4/25,C15480,6877.25,1169.13,8046.38,有效发票
209313,E196,7223228,2017/4/26,C07995,106.73,18.14,124.87,有效发票
209314,E196,6672108,2017/4/26,C13284,35714.53,6071.47,41786.0,有效发票
209315,E196,6709866,2017/4/26,C14861,45967.81,7814.53,53782.34,有效发票
209316,E196,942651,2017/5/2,C06577,15061.95,1958.05,17020.0,有效发票
209317,E196,7286657,2017/5/5,C12416,10645.3,1809.7,12455.0,有效发票
209318,E196,6865953,2017/5/5,C13284,6407.69,1089.31,7497.0,有效发票
209319,E196,382933,2017/5/8,C07841,2948.72,501.28,3450.0,有效发票
209320,E196,1611899,2017/5/16,C05734,2051.28,348.72,2400.0,有效发票
209321,E196,7272775,2017/5/17,C16108,3260.93,554.36,3815.29,有效发票
209322,E196,6247057,2017/5/19,C07483,33381.02,5674.78,39055.8,有效发票
209323,E196,6889922,2017/5/19,C15480,4613.68,784.32,5398.0,有效发票
209324,E196,6889923,2017/5/19,C15480,9914.53,1685.47,11600.0,有效发票
209325,E196,6889924,2017/5/19,C15480,9914.53,1685.47,11600.0,有效发票
209326,E196,6889925,2017/5/19,C15480,991.45,168.55,1160.0,作废发票
209327,E196,6889926,2017/5/19,C15480,9914.53,1685.47,11600.0,有效发票
209328,E196,6889927,2017/5/19,C15480,9914.53,1685.47,11600.0,有效发票
209329,E196,6889928,2017/5/19,C15480,9914.53,1685.47,11600.0,有效发票
209330,E196,6889929,2017/5/19,C15480,792.39,134.71,927.1,有效发票
209331,E196,11574828,2017/5/21,C13349,3959.06,673.04,4632.1,有效发票
209332,E196,436462,2017/5/21,C15065,4461.54,758.46,5220.0,有效发票
209333,E196,389483,2017/5/22,C06776,67271.61,11436.17,78707.78,有效发票
209334,E196,389484,2017/5/22,C06776,62597.35,10641.57,73238.92,有效发票
209335,E196,3397935,2017/5/22,C06998,4136.75,703.25,4840.0,有效发票
209336,E196,6896344,2017/5/23,C13186,1531.81,260.41,1792.22,有效发票
209337,E196,6867170,2017/5/23,C13284,17269.23,2935.77,20205.0,有效发票
209338,E196,6889939,2017/5/23,C15480,9914.53,1685.47,11600.0,有效发票
209339,E196,11869759,2017/5/25,C12690,6495.73,1104.27,7600.0,有效发票
209340,E196,501916,2017/5/26,C14861,80352.08,13659.85,94011.93,有效发票
209341,E196,532662,2017/5/27,C13284,9313.68,1583.32,10897.0,有效发票
209342,E196,1746009,2017/5/31,C06670,3266.67,555.33,3822.0,有效发票
209343,E196,6247103,2017/6/6,C07483,46921.84,7976.71,54898.55,有效发票
209344,E196,6635739,2017/6/6,C14175,4354.7,740.3,5095.0,有效发票
209345,E196,6635740,2017/6/6,C14175,7399.58,1257.92,8657.5,作废发票
209346,E196,8350109,2017/6/7,C13705,6922.65,1176.85,8099.5,有效发票
209347,E196,6865963,2017/6/8,C13284,4451.28,756.72,5208.0,有效发票
209348,E196,1027391,2017/6/12,C06909,3717.95,632.05,4350.0,有效发票
209349,E196,8072072,2017/6/13,C12474,16141.19,2744.01,18885.2,有效发票
209350,E196,1773369,2017/6/13,C12690,5021.37,853.63,5875.0,有效发票
209351,E196,2062781,2017/6/13,C13000,5793.16,984.84,6778.0,有效发票
209352,E196,11474208,2017/6/14,C02224,2911.06,174.66,3085.72,有效发票
209353,E196,3268298,2017/6/15,C02369,17094.01,2905.99,20000.0,有效发票
209354,E196,11661581,2017/6/16,C13284,1522.22,258.78,1781.0,有效发票
209355,E196,1467539,2017/6/21,C06776,83188.97,14142.13,97331.1,有效发票
209356,E196,1467540,2017/6/21,C06776,57544.12,9782.49,67326.61,有效发票
209357,E196,532977,2017/6/21,C13284,17269.23,2935.77,20205.0,有效发票
209358,E196,6554317,2017/6/26,C12416,3717.95,632.05,4350.0,有效发票
209359,E196,3546489,2017/6/26,C15065,18560.68,3155.32,21716.0,有效发票
209360,E196,545734,2017/6/26,C15480,427.35,72.65,500.0,有效发票
209361,E196,545735,2017/6/26,C15480,9914.53,1685.47,11600.0,有效发票
209362,E196,545736,2017/6/26,C15480,9914.53,1685.47,11600.0,有效发票
209363,E196,545737,2017/6/26,C15480,9914.53,1685.47,11600.0,有效发票
209364,E196,545738,2017/6/26,C15480,7000.17,1190.03,8190.2,有效发票
209365,E196,3559822,2017/6/27,C13186,937.18,159.32,1096.5,有效发票
209366,E196,1029983,2017/6/27,C16108,11705.91,1990.01,13695.92,有效发票
209367,E196,4438642,2017/6/28,C12822,6506.84,1106.16,7613.0,有效发票
209368,E196,475766,2017/6/28,C13186,4043.84,687.46,4731.3,有效发票
209369,E196,3544243,2017/6/28,C14861,50905.16,8653.88,59559.04,有效发票
209370,E196,3544244,2017/6/28,C14861,50905.85,8653.99,59559.84,有效发票
209371,E196,51047222,2017/7/7,C05679,169.81,10.19,180.0,有效发票
209372,E196,22383344,2017/7/10,C08135,233.02,13.98,247.0,有效发票
209373,E196,22383356,2017/7/10,C08135,78.3,4.7,83.0,有效发票
209374,E196,22402965,2017/7/10,C08135,254.72,15.28,270.0,有效发票
209375,E196,8385786,2017/7/10,C12416,76880.34,13069.66,89950.0,有效发票
209376,E196,6375899,2017/7/10,C14324,2476.19,123.81,2600.0,作废发票
209377,E196,6375900,2017/7/10,C14324,2476.19,123.81,2600.0,有效发票
209378,E196,1246505,2017/7/11,C03202,141.51,8.49,150.0,有效发票
209379,E196,3634777,2017/7/11,C14861,99998.97,16999.82,116998.79,有效发票
209380,E196,3634778,2017/7/11,C14861,99999.05,16999.84,116998.89,有效发票
209381,E196,3856917,2017/7/17,C06303,21623.93,3676.07,25300.0,有效发票
209382,E196,5200233,2017/7/19,C12416,6196.59,1053.41,7250.0,有效发票
209383,E196,5231952,2017/7/20,C07841,9175.0,1559.75,10734.75,有效发票
209384,E196,5226901,2017/7/21,C06776,11409.64,1939.64,13349.28,有效发票
209385,E196,3559836,2017/7/21,C13186,995.0,169.15,1164.15,有效发票
209386,E196,5884666,2017/7/21,C13349,8674.27,1474.63,10148.9,有效发票
209387,E196,6635747,2017/7/21,C14175,807.7,137.3,945.0,作废发票
209388,E196,22314362,2017/7/22,C08135,12.26,0.74,13.0,有效发票
209389,E196,5243172,2017/7/22,C14861,99998.63,16999.77,116998.4,有效发票
209390,E196,5243173,2017/7/22,C14861,99999.12,16999.85,116998.97,有效发票
209391,E196,5243174,2017/7/22,C14861,99998.63,16999.77,116998.4,有效发票
209392,E196,5243175,2017/7/22,C14861,99999.13,16999.85,116998.98,有效发票
209393,E196,5243176,2017/7/22,C14861,99998.08,16999.67,116997.75,有效发票
209394,E196,5243177,2017/7/22,C14861,99998.09,16999.68,116997.77,有效发票
209395,E196,5243178,2017/7/22,C14861,99998.03,16999.67,116997.7,有效发票
209396,E196,5243179,2017/7/22,C14861,99998.79,16999.8,116998.59,有效发票
209397,E196,5243180,2017/7/22,C14861,99999.12,16999.85,116998.97,有效发票
209398,E196,5243181,2017/7/22,C14861,99999.12,16999.85,116998.97,有效发票
209399,E196,5243182,2017/7/22,C14861,99998.09,16999.68,116997.77,有效发票
209400,E196,5243183,2017/7/22,C14861,99999.01,16999.83,116998.84,有效发票
209401,E196,5317055,2017/7/23,C13284,14192.31,2412.69,16605.0,有效发票
209402,E196,5226990,2017/7/24,C06776,91757.76,15598.82,107356.58,有效发票
209403,E196,5226991,2017/7/24,C06776,91758.12,15598.88,107357.0,有效发票
209404,E196,5226992,2017/7/24,C06776,91758.12,15598.88,107357.0,有效发票
209405,E196,5291168,2017/7/24,C14175,807.7,137.3,945.0,有效发票
209406,E196,822326,2017/7/25,C03202,5660.38,339.62,6000.0,有效发票
209407,E196,5320746,2017/7/25,C15065,14162.4,2407.6,16570.0,有效发票
209408,E196,5354164,2017/7/28,C14861,62410.33,10609.76,73020.09,有效发票
209409,E196,6986642,2017/8/7,C14169,7264.95,1235.05,8500.0,有效发票
209410,E196,6996787,2017/8/12,C16124,326.21,9.79,336.0,有效发票
209411,E196,3559869,2017/8/21,C13186,26624.66,4526.2,31150.86,有效发票
209412,E196,8245182,2017/8/21,C15065,15721.37,2672.63,18394.0,有效发票
209413,E196,5262611,2017/8/21,C15525,21452.99,3647.01,25100.0,有效发票
209414,E196,5200239,2017/8/22,C12416,6940.17,1179.83,8120.0,有效发票
209415,E196,5200240,2017/8/22,C12416,9004.27,1530.73,10535.0,有效发票
209416,E196,5518834,2017/8/22,C13284,16200.0,2754.0,18954.0,有效发票
209417,E196,5532461,2017/8/22,C13284,5463.25,928.75,6392.0,有效发票
209418,E196,8272787,2017/8/22,C13284,31461.54,5348.46,36810.0,有效发票
209419,E196,6073155,2017/8/22,C13349,13435.04,2283.96,15719.0,有效发票
209420,E196,43853835,2017/8/23,C08135,325.47,19.53,345.0,有效发票
209421,E196,6947431,2017/8/23,C12474,6002.39,1020.41,7022.8,有效发票
209422,E196,5359635,2017/8/24,C06776,89917.56,15285.98,105203.54,有效发票
209423,E196,5359636,2017/8/24,C06776,89917.55,15285.98,105203.53,有效发票
209424,E196,5359637,2017/8/24,C06776,89917.55,15285.98,105203.53,有效发票
209425,E196,5359638,2017/8/24,C06776,89917.55,15285.98,105203.53,有效发票
209426,E196,5359639,2017/8/24,C06776,89917.55,15285.98,105203.53,有效发票
209427,E196,5359640,2017/8/24,C06776,89917.55,15285.98,105203.53,有效发票
209428,E196,5359641,2017/8/24,C06776,98853.25,16805.05,115658.3,有效发票
209429,E196,8269541,2017/8/24,C15480,9914.53,1685.47,11600.0,有效发票
209430,E196,8269542,2017/8/24,C15480,9914.53,1685.47,11600.0,有效发票
209431,E196,8269543,2017/8/24,C15480,9914.53,1685.47,11600.0,有效发票
209432,E196,8269544,2017/8/24,C15480,6651.88,1130.82,7782.7,有效发票
209433,E196,5661230,2017/8/25,C07762,3435.9,584.1,4020.0,有效发票
209434,E196,5532463,2017/8/25,C13284,2298.71,390.79,2689.5,有效发票
209435,E196,5532464,2017/8/25,C13284,9107.69,1548.31,10656.0,有效发票
209436,E196,8299872,2017/8/29,C14861,99998.69,16999.78,116998.47,有效发票
209437,E196,8299873,2017/8/29,C14861,99999.11,16999.85,116998.96,有效发票
209438,E196,8299874,2017/8/29,C14861,97154.0,16516.18,113670.18,有效发票
209439,E196,8299875,2017/8/29,C14861,86535.04,14710.96,101246.0,有效发票
209440,E196,11368089,2017/9/4,C13501,2051.46,61.54,2113.0,有效发票
209441,E196,7326214,2017/9/5,C14886,2564.1,435.9,3000.0,有效发票
209442,E196,5295391,2017/9/8,C07942,2353.77,141.23,2495.0,有效发票
209443,E196,5449146,2017/9/8,C13186,15888.63,2701.06,18589.69,有效发票
209444,E196,7091281,2017/9/12,C14169,8417.52,1430.98,9848.5,有效发票
209445,E196,6083577,2017/9/14,C02369,6724.32,1143.14,7867.46,有效发票
209446,E196,6083578,2017/9/14,C02369,10369.69,1762.85,12132.54,有效发票
209447,E196,437312,2017/9/14,C16044,9615.38,1634.62,11250.0,有效发票
209448,E196,437313,2017/9/14,C16044,5480.34,931.66,6412.0,有效发票
209449,E196,5925769,2017/9/14,C16108,48982.97,8327.11,57310.08,有效发票
209450,E196,8057345,2017/9/19,C13705,15229.83,2589.07,17818.9,有效发票
209451,E196,3167567,2017/9/19,C14047,9401.71,1598.29,11000.0,有效发票
209452,E196,3167568,2017/9/19,C14047,9401.71,1598.29,11000.0,有效发票
209453,E196,3167569,2017/9/19,C14047,9401.71,1598.29,11000.0,有效发票
209454,E196,3167570,2017/9/19,C14047,9401.71,1598.29,11000.0,有效发票
209455,E196,3167571,2017/9/19,C14047,8393.16,1426.84,9820.0,有效发票
209456,E196,1927417,2017/9/20,C13284,15730.77,2674.23,18405.0,有效发票
209457,E196,8298140,2017/9/21,C15065,17897.44,3042.56,20940.0,有效发票
209458,E196,8269553,2017/9/21,C15480,9914.53,1685.47,11600.0,有效发票
209459,E196,8269554,2017/9/21,C15480,9914.53,1685.47,11600.0,有效发票
209460,E196,8269555,2017/9/21,C15480,9914.53,1685.47,11600.0,有效发票
209461,E196,8269556,2017/9/21,C15480,9914.53,1685.47,11600.0,有效发票
209462,E196,8269557,2017/9/21,C15480,3957.69,672.81,4630.5,有效发票
209463,E196,5200247,2017/9/22,C12416,5807.69,987.31,6795.0,有效发票
209464,E196,5200248,2017/9/22,C12416,8775.65,1491.85,10267.5,有效发票
209465,E196,763035,2017/9/22,C13349,4084.36,694.34,4778.7,有效发票
209466,E196,386652,2017/9/22,C13669,5692.32,967.68,6660.0,有效发票
209467,E196,8289213,2017/9/25,C13186,4803.98,816.68,5620.66,有效发票
209468,E196,383193,2017/9/26,C06776,88858.12,15105.88,103964.0,有效发票
209469,E196,383194,2017/9/26,C06776,77574.83,13187.72,90762.55,有效发票
209470,E196,383195,2017/9/26,C06776,85633.85,14557.75,100191.6,有效发票
209471,E196,383196,2017/9/26,C06776,94601.71,16082.29,110684.0,有效发票
209472,E196,8050614,2017/9/26,C07762,2820.51,479.49,3300.0,有效发票
209473,E196,383209,2017/9/27,C06776,97054.02,16499.18,113553.2,有效发票
209474,E196,383210,2017/9/27,C06776,97054.02,16499.18,113553.2,有效发票
209475,E196,383211,2017/9/27,C06776,97054.02,16499.18,113553.2,有效发票
209476,E196,383212,2017/9/27,C06776,97054.02,16499.18,113553.2,有效发票
209477,E196,383213,2017/9/27,C06776,97054.02,16499.18,113553.2,有效发票
209478,E196,383214,2017/9/27,C06776,97053.09,16499.02,113552.11,有效发票
209479,E196,10905711,2017/9/30,C13042,14800.0,0.0,14800.0,有效发票
209480,E196,15973293,2017/10/9,C06320,283.02,16.98,300.0,有效发票
209481,E196,2553834,2017/10/11,C14886,6410.26,1089.74,7500.0,作废发票
209482,E196,455009,2017/10/12,C07841,8419.07,1431.23,9850.3,有效发票
209483,E196,1723120,2017/10/16,C16022,88428.21,15032.79,103461.0,有效发票
209484,E196,1339057,2017/10/18,C13225,2324.27,69.73,2394.0,有效发票
209485,E196,2553846,2017/10/18,C14886,7500.0,1275.0,8775.0,有效发票
209486,E196,896116,2017/10/19,C06909,3717.95,632.05,4350.0,有效发票
209487,E196,293223,2017/10/20,C13186,1436.94,244.27,1681.21,有效发票
209488,E196,2063703,2017/10/21,C13186,1247.87,212.13,1460.0,有效发票
209489,E196,2629767,2017/10/22,C13349,2940.21,499.84,3440.05,有效发票
209490,E196,8315851,2017/10/22,C15525,24286.32,4128.68,28415.0,有效发票
209491,E196,4012871,2017/10/23,C02304,746.23,44.77,791.0,有效发票
209492,E196,4012872,2017/10/23,C02304,1230.97,73.86,1304.83,有效发票
209493,E196,341686,2017/10/23,C06776,83464.9,14189.04,97653.94,有效发票
209494,E196,341687,2017/10/23,C06776,43784.18,7443.3,51227.48,有效发票
209495,E196,341688,2017/10/23,C06776,87913.33,14945.26,102858.59,有效发票
209496,E196,2131973,2017/10/23,C12416,7487.18,1272.82,8760.0,有效发票
209497,E196,2131974,2017/10/23,C12416,5918.81,1006.19,6925.0,有效发票
209498,E196,5707108,2017/10/23,C13284,6796.12,203.88,7000.0,有效发票
209499,E196,1851133,2017/10/24,C07293,85470.09,14529.91,100000.0,有效发票
209500,E196,2121537,2017/10/24,C11979,94529.65,16070.04,110599.69,有效发票
209501,E196,2121538,2017/10/24,C11979,85648.87,14560.31,100209.18,有效发票
209502,E196,2121539,2017/10/24,C11979,88349.26,15019.38,103368.64,有效发票
209503,E196,2121540,2017/10/24,C11979,98996.06,16829.33,115825.39,有效发票
209504,E196,2121541,2017/10/24,C11979,79671.3,13544.11,93215.41,有效发票
209505,E196,2121542,2017/10/24,C11979,68546.88,11652.98,80199.86,有效发票
209506,E196,2121543,2017/10/24,C11979,86402.4,14688.42,101090.82,有效发票
209507,E196,7216620,2017/10/24,C12416,85978.09,14616.27,100594.36,有效发票
209508,E196,7216621,2017/10/24,C12416,24597.99,4181.65,28779.64,作废发票
209509,E196,7216622,2017/10/24,C12416,24597.99,4181.65,28779.64,有效发票
209510,E196,7146386,2017/10/24,C12474,5255.39,893.41,6148.8,有效发票
209511,E196,256924,2017/10/24,C13000,12808.55,2177.45,14986.0,有效发票
209512,E196,256925,2017/10/24,C13000,6520.51,1108.49,7629.0,有效发票
209513,E196,1978021,2017/10/24,C13284,6650.0,1130.5,7780.5,有效发票
209514,E196,1978022,2017/10/24,C13284,6650.0,1130.5,7780.5,有效发票
209515,E196,726523,2017/10/24,C13284,2333.33,396.67,2730.0,有效发票
209516,E196,2120148,2017/10/24,C15065,3230.77,549.23,3780.0,有效发票
209517,E196,8202198,2017/10/26,C14665,34831.84,5921.41,40753.25,有效发票
209518,E196,8202199,2017/10/26,C14665,73504.27,12495.73,86000.0,有效发票
209519,E196,294711,2017/10/26,C15480,991.45,168.55,1160.0,作废发票
209520,E196,294712,2017/10/26,C15480,9914.53,1685.47,11600.0,有效发票
209521,E196,294713,2017/10/26,C15480,9914.53,1685.47,11600.0,有效发票
209522,E196,294714,2017/10/26,C15480,9914.53,1685.47,11600.0,有效发票
209523,E196,294715,2017/10/26,C15480,555.21,94.39,649.6,有效发票
209524,E196,4017783,2017/10/30,C02304,5979.34,358.77,6338.11,有效发票
209525,E196,1842544,2017/10/30,C14861,96938.82,16479.6,113418.42,有效发票
209526,E196,2522330,2017/10/31,C05734,2564.1,435.9,3000.0,作废发票
209527,E196,2522331,2017/10/31,C05734,2564.1,435.9,3000.0,有效发票
209528,E196,4018192,2017/11/2,C02304,2316.98,139.02,2456.0,有效发票
209529,E196,3275323,2017/11/6,C15882,20085.47,3414.53,23500.0,有效发票
209530,E196,3382655,2017/11/7,C14169,22919.33,3896.27,26815.6,有效发票
209531,E196,47781500,2017/11/9,C08135,256.6,15.4,272.0,有效发票
209532,E196,47781501,2017/11/9,C08135,230.19,13.81,244.0,有效发票
209533,E196,341958,2017/11/15,C06776,98717.95,16782.05,115500.0,有效发票
209534,E196,341959,2017/11/15,C06776,96329.21,16375.96,112705.17,有效发票
209535,E196,341960,2017/11/15,C06776,97435.9,16564.1,114000.0,有效发票
209536,E196,341961,2017/11/15,C06776,97435.9,16564.1,114000.0,有效发票
209537,E196,6028368,2017/11/15,C13501,2112.62,63.38,2176.0,有效发票
209538,E196,1940223,2017/11/16,C16091,3948.72,671.28,4620.0,有效发票
209539,E196,8335628,2017/11/16,C16361,349.51,10.49,360.0,有效发票
209540,E196,873894,2017/11/17,C12006,2905.56,493.94,3399.5,有效发票
209541,E196,5636584,2017/11/19,C07483,97692.31,16607.69,114300.0,有效发票
209542,E196,5636585,2017/11/19,C07483,98620.94,16765.56,115386.5,有效发票
209543,E196,427530,2017/11/20,C13186,83245.14,14151.68,97396.82,有效发票
209544,E196,2088849,2017/11/21,C13284,17269.23,2935.77,20205.0,有效发票
209545,E196,2454110,2017/11/21,C13349,7116.32,1209.78,8326.1,有效发票
209546,E196,2031824,2017/11/22,C14861,99998.58,16999.76,116998.34,有效发票
209547,E196,372034,2017/11/22,C15525,29658.12,5041.88,34700.0,有效发票
209548,E196,2006933,2017/11/23,C06776,38423.38,6531.98,44955.36,有效发票
209549,E196,10676052,2017/11/23,C22671,754.72,45.28,800.0,有效发票
209550,E196,2006953,2017/11/24,C06776,99782.69,16963.06,116745.75,有效发票
209551,E196,2006954,2017/11/24,C06776,99419.55,16901.32,116320.87,有效发票
209552,E196,2006955,2017/11/24,C06776,99419.55,16901.32,116320.87,有效发票
209553,E196,2006956,2017/11/24,C06776,98838.15,16802.48,115640.63,有效发票
209554,E196,2006957,2017/11/24,C06776,98838.15,16802.48,115640.63,有效发票
209555,E196,3476557,2017/11/27,C12474,4565.13,776.07,5341.2,有效发票
209556,E196,1846993,2017/11/28,C13284,29586.33,5029.67,34616.0,有效发票
209557,E196,2091095,2017/11/28,C16039,99145.3,16854.7,116000.0,有效发票
209558,E196,47803766,2017/11/29,C08135,17.92,1.08,19.0,有效发票
209559,E196,14574011,2017/12/7,C13069,3417.48,102.52,3520.0,有效发票
209560,E196,3342502,2017/12/7,C13584,7766.99,233.01,8000.0,有效发票
209561,E196,37726254,2017/12/8,C07712,264.15,15.85,280.0,有效发票
209562,E196,2176901,2017/12/8,C07841,6315.3,1073.6,7388.9,有效发票
209563,E196,4276674,2017/12/8,C14436,1632.48,277.52,1910.0,有效发票
209564,E196,386659,2017/12/9,C13669,5205.12,884.88,6090.0,有效发票
209565,E196,2543301,2017/12/11,C12822,3025.21,514.29,3539.5,有效发票
209566,E196,3835378,2017/12/12,C13186,11111.11,1888.89,13000.0,有效发票
209567,E196,4241527,2017/12/12,C14861,87917.09,14945.91,102863.0,有效发票
209568,E196,4241532,2017/12/12,C14861,57974.36,9855.64,67830.0,有效发票
209569,E196,4241533,2017/12/12,C14861,53503.77,9095.64,62599.41,有效发票
209570,E196,57852734,2017/12/13,C08135,12.26,0.74,13.0,有效发票
209571,E196,57852784,2017/12/13,C08135,147.17,8.83,156.0,有效发票
209572,E196,57852790,2017/12/13,C08135,129.25,7.75,137.0,有效发票
209573,E196,13937435,2017/12/14,C07807,264.15,15.85,280.0,有效发票
209574,E196,9561839,2017/12/14,C11504,205.13,34.87,240.0,有效发票
209575,E196,4381010,2017/12/15,C16044,2102.56,357.44,2460.0,有效发票
209576,E196,4323586,2017/12/18,C06776,440.17,74.83,515.0,有效发票
209577,E196,1177644,2017/12/18,C12416,62700.0,10659.0,73359.0,有效发票
209578,E196,3342504,2017/12/18,C13584,7766.99,233.01,8000.0,有效发票
209579,E196,4323729,2017/12/19,C06776,78363.17,13321.74,91684.91,有效发票
209580,E196,194050,2017/12/19,C07762,2641.03,448.97,3090.0,有效发票
209581,E196,427589,2017/12/20,C13186,1991.59,338.57,2330.16,有效发票
209582,E196,2088875,2017/12/20,C13284,15929.49,2708.01,18637.5,有效发票
209583,E196,4337800,2017/12/20,C15065,11222.22,1907.78,13130.0,有效发票
209584,E196,4375536,2017/12/20,C15477,9101.89,546.11,9648.0,有效发票
209585,E196,4327345,2017/12/21,C11979,70028.29,11904.8,81933.09,有效发票
209586,E196,2131987,2017/12/21,C12416,5664.54,962.96,6627.5,有效发票
209587,E196,4644603,2017/12/21,C13349,10669.62,1813.83,12483.45,有效发票
209588,E196,3933406,2017/12/22,C06224,10000.0,1100.0,11100.0,有效发票
209589,E196,2139568,2017/12/22,C13186,22439.94,3814.8,26254.74,有效发票
209590,E196,372039,2017/12/24,C15525,26769.23,4550.77,31320.0,有效发票
209591,E196,4418101,2017/12/24,C16012,8372.65,1423.35,9796.0,有效发票
209592,E196,3476579,2017/12/25,C12474,7066.67,1201.33,8268.0,有效发票
209593,E196,24885333,2017/12/25,C23137,298.06,8.94,307.0,有效发票
209594,E196,4323931,2017/12/27,C06776,99145.3,16854.7,116000.0,有效发票
209595,E196,4323932,2017/12/27,C06776,99145.3,16854.7,116000.0,有效发票
209596,E196,4323933,2017/12/27,C06776,99145.3,16854.7,116000.0,有效发票
209597,E196,4323934,2017/12/27,C06776,99145.3,16854.7,116000.0,有效发票
209598,E196,4323935,2017/12/27,C06776,99145.3,16854.7,116000.0,有效发票
209599,E196,4323936,2017/12/27,C06776,99145.3,16854.7,116000.0,有效发票
209600,E196,4323937,2017/12/27,C06776,7669.23,1303.77,8973.0,有效发票
209601,E196,24885343,2017/12/27,C23137,374.76,11.24,386.0,有效发票
209602,E196,7504099,2017/12/28,C11979,99829.06,16970.94,116800.0,有效发票
209603,E196,7504100,2017/12/28,C11979,99974.36,16995.64,116970.0,有效发票
209604,E196,7504101,2017/12/28,C11979,99828.21,16970.79,116799.0,有效发票
209605,E196,7504102,2017/12/28,C11979,99888.89,16981.11,116870.0,有效发票
209606,E196,7504103,2017/12/28,C11979,99914.53,16985.47,116900.0,有效发票
209607,E196,7504104,2017/12/28,C11979,96291.45,16369.55,112661.0,有效发票
209608,E196,7446045,2017/12/28,C14861,94051.28,15988.72,110040.0,有效发票
209609,E196,7446046,2017/12/28,C14861,94111.11,15998.89,110110.0,有效发票
209610,E196,7446047,2017/12/28,C14861,94057.26,15989.74,110047.0,有效发票
209611,E196,7446048,2017/12/28,C14861,94037.61,15986.39,110024.0,有效发票
209612,E196,7446049,2017/12/28,C14861,94095.73,15996.27,110092.0,有效发票
209613,E196,7446050,2017/12/28,C14861,94529.91,16070.09,110600.0,有效发票
209614,E196,7446051,2017/12/28,C14861,94065.81,15991.19,110057.0,有效发票
209615,E196,7446052,2017/12/28,C14861,94350.43,16039.57,110390.0,有效发票
209616,E196,2550808,2017/12/28,C16108,98937.26,16819.34,115756.6,有效发票
209617,E196,2550809,2017/12/28,C16108,98937.26,16819.34,115756.6,有效发票
209618,E196,29935622,2017/12/28,C16538,283.5,8.5,292.0,有效发票
209619,E196,4252521,2018/1/3,C12725,5398.97,917.83,6316.8,作废发票
209620,E196,4252523,2018/1/4,C12725,5398.97,917.83,6316.8,有效发票
209621,E196,4411904,2018/1/5,C13349,1393.16,236.84,1630.0,有效发票
209622,E196,19562468,2018/1/6,C16124,3467.96,104.04,3572.0,有效发票
209623,E196,89998337,2018/1/9,C08135,90.57,5.43,96.0,有效发票
209624,E196,4682702,2018/1/11,C02369,17094.02,2905.98,20000.0,有效发票
209625,E196,7653541,2018/1/15,C08083,6410.26,1089.74,7500.0,有效发票
209626,E196,7653542,2018/1/15,C08083,6410.26,1089.74,7500.0,有效发票
209627,E196,9072881,2018/1/15,C15480,2730.19,163.81,2894.0,有效发票
209628,E196,4395481,2018/1/15,C16039,52307.69,8892.31,61200.0,有效发票
209629,E196,7476503,2018/1/19,C13284,9541.71,1622.09,11163.8,有效发票
209630,E196,7476504,2018/1/19,C13284,3533.93,600.77,4134.7,有效发票
209631,E196,7476505,2018/1/19,C13284,6070.09,1031.91,7102.0,有效发票
209632,E196,5934180,2018/1/20,C13705,98876.92,16809.08,115686.0,有效发票
209633,E196,5934181,2018/1/20,C13705,64786.32,11013.68,75800.0,有效发票
209634,E196,5934182,2018/1/20,C13705,47553.28,8084.06,55637.34,有效发票
209635,E196,9126251,2018/1/20,C14436,1743.59,296.41,2040.0,有效发票
209636,E196,3742921,2018/1/22,C07942,4528.3,271.7,4800.0,有效发票
209637,E196,4455790,2018/1/22,C13186,16617.13,2824.91,19442.04,有效发票
209638,E196,7560036,2018/1/22,C15525,48444.44,8235.56,56680.0,有效发票
209639,E196,1567462,2018/1/23,C13225,1862.14,55.86,1918.0,有效发票
209640,E196,7474914,2018/1/24,C13186,15955.76,2712.48,18668.24,有效发票
209641,E196,2046034,2018/1/24,C13775,1367.52,232.48,1600.0,有效发票
209642,E196,8307240,2018/1/27,C07483,15733.89,2674.76,18408.65,有效发票
209643,E196,7572288,2018/1/28,C13284,20335.05,3456.95,23792.0,有效发票
209644,E196,9222958,2018/1/28,C13284,24478.64,4161.36,28640.0,有效发票
209645,E196,8902484,2018/1/29,C05689,113.21,6.79,120.0,有效发票
209646,E196,9197384,2018/1/29,C14861,65414.37,11120.44,76534.81,有效发票
209647,E196,9242948,2018/2/4,C13284,3076.92,523.08,3600.0,作废发票
209648,E196,9242950,2018/2/4,C13284,3076.92,523.08,3600.0,有效发票
209649,E196,5934193,2018/2/7,C13705,23792.24,4044.68,27836.92,有效发票
209650,E196,9584486,2018/2/7,C14229,3264.96,555.04,3820.0,作废发票
209651,E196,9584489,2018/2/7,C14229,3264.96,555.04,3820.0,作废发票
209652,E196,9072884,2018/2/7,C15480,6893.4,413.6,7307.0,作废发票
209653,E196,9072885,2018/2/7,C15480,6893.4,413.6,7307.0,有效发票
209654,E196,2746124,2018/2/8,C07314,769.23,130.77,900.0,有效发票
209655,E196,29526042,2018/2/8,C16124,163.11,4.89,168.0,有效发票
209656,E196,6757235,2018/2/9,C12690,9670.94,1644.06,11315.0,有效发票
209657,E196,9584491,2018/2/9,C14229,3264.96,555.04,3820.0,作废发票
209658,E196,9584492,2018/2/9,C14229,3264.96,555.04,3820.0,有效发票
209659,E196,5791760,2018/2/11,C12006,52.99,9.01,62.0,有效发票
209660,E196,2451761,2018/2/25,C15065,29048.71,4938.29,33987.0,有效发票
209661,E196,6138795,2018/2/26,C13705,8176.07,1389.93,9566.0,有效发票
209662,E196,2427524,2018/2/27,C11979,38597.44,6561.56,45159.0,有效发票
209663,E196,8085436,2018/3/6,C06577,12630.63,1389.37,14020.0,作废发票
209664,E196,8085437,2018/3/6,C06577,25261.26,2778.74,28040.0,有效发票
209665,E196,8119704,2018/3/6,C14169,44871.8,7628.2,52500.0,有效发票
209666,E196,7327431,2018/3/7,C16108,11690.53,1987.39,13677.92,有效发票
209667,E196,38473355,2018/3/9,C06320,283.02,16.98,300.0,有效发票
209668,E196,80532791,2018/3/9,C08135,540.57,32.43,573.0,有效发票
209669,E196,2571233,2018/3/12,C06909,3717.95,632.05,4350.0,有效发票
209670,E196,8274265,2018/3/12,C14249,2948.72,501.28,3450.0,有效发票
209671,E196,9072888,2018/3/12,C15480,1816.04,108.96,1925.0,有效发票
209672,E196,8903319,2018/3/13,C05689,113.21,6.79,120.0,有效发票
209673,E196,2819925,2018/3/13,C13584,4368.93,131.07,4500.0,有效发票
209674,E196,38473376,2018/3/14,C06320,141.51,8.49,150.0,有效发票
209675,E196,29810492,2018/3/14,C23137,301.94,9.06,311.0,有效发票
209676,E196,18537822,2018/3/15,C13501,2414.56,72.44,2487.0,有效发票
209677,E196,4292184,2018/3/19,C14861,98638.15,16768.49,115406.64,有效发票
209678,E196,4292185,2018/3/19,C14861,98800.92,16796.16,115597.08,有效发票
209679,E196,4292186,2018/3/19,C14861,98822.15,16799.76,115621.91,有效发票
209680,E196,4292187,2018/3/19,C14861,98527.87,16749.74,115277.61,有效发票
209681,E196,4292188,2018/3/19,C14861,96460.23,16398.24,112858.47,有效发票
209682,E196,4292189,2018/3/19,C14861,98494.26,16744.02,115238.28,有效发票
209683,E196,2482556,2018/3/21,C13284,32256.41,5483.59,37740.0,有效发票
209684,E196,2569062,2018/3/21,C13349,12317.61,2093.99,14411.6,有效发票
209685,E196,8838711,2018/3/21,C22596,660.38,39.62,700.0,有效发票
209686,E196,8838712,2018/3/21,C22596,1603.74,96.22,1699.96,有效发票
209687,E196,8838713,2018/3/21,C22596,660.38,39.62,700.0,有效发票
209688,E196,8838714,2018/3/21,C22596,1694.94,101.7,1796.64,有效发票
209689,E196,170903,2018/3/22,C06320,45062.04,2703.72,47765.76,有效发票
209690,E196,9195984,2018/3/22,C13186,458.95,78.02,536.97,有效发票
209691,E196,4373381,2018/3/22,C15525,41333.33,7026.67,48360.0,有效发票
209692,E196,4666780,2018/3/26,C07762,7538.46,1281.54,8820.0,有效发票
209693,E196,8176736,2018/3/26,C12474,5255.39,893.41,6148.8,有效发票
209694,E196,4238502,2018/3/26,C15065,27967.52,4754.48,32722.0,有效发票
209695,E196,29526455,2018/3/26,C16124,489.32,14.68,504.0,有效发票
209696,E196,10291837,2018/3/27,C07882,4854.37,145.63,5000.0,有效发票
209697,E196,4493531,2018/3/28,C13284,26181.19,4450.81,30632.0,有效发票
209698,E196,6830755,2018/3/29,C21106,5094.34,305.66,5400.0,有效发票
209699,E196,7769147,2018/4/3,C14047,17948.72,3051.28,21000.0,有效发票
209700,E196,1249338,2018/4/8,C07314,8547.01,1452.99,10000.0,有效发票
209701,E196,80562718,2018/4/8,C08135,146.23,8.77,155.0,有效发票
209702,E196,211535,2018/4/10,C13241,10873.79,326.21,11200.0,有效发票
209703,E196,85565,2018/4/11,C16361,1645.3,279.7,1925.0,有效发票
209704,E196,4343912,2018/4/12,C13186,57244.1,9731.5,66975.6,有效发票
209705,E196,4343913,2018/4/12,C13186,30207.31,5135.22,35342.53,有效发票
209706,E196,4297051,2018/4/12,C13186,1825.64,310.36,2136.0,有效发票
209707,E196,4551344,2018/4/14,C15065,79034.2,13435.8,92470.0,有效发票
209708,E196,749580,2018/4/17,C05909,4038.46,686.54,4725.0,有效发票
209709,E196,749581,2018/4/17,C05909,4038.46,686.54,4725.0,有效发票
209710,E196,9352,2018/4/18,C15525,31683.76,5386.24,37070.0,有效发票
209711,E196,6618283,2018/4/19,C16108,25916.6,4405.82,30322.42,有效发票
209712,E196,4472120,2018/4/20,C15104,15581.2,2648.8,18230.0,有效发票
209713,E196,4521589,2018/4/20,C16012,4704.27,799.73,5504.0,有效发票
209714,E196,2483117,2018/4/20,C16044,8228.22,1398.78,9627.0,有效发票
209715,E196,13018156,2018/4/21,C16271,97.09,2.91,100.0,有效发票
209716,E196,225576,2018/4/23,C13284,12750.0,2167.5,14917.5,有效发票
209717,E196,4510680,2018/4/24,C13284,5384.62,915.38,6300.0,有效发票
209718,E196,4510681,2018/4/24,C13284,3320.51,564.49,3885.0,有效发票
209719,E196,6714211,2018/4/24,C13349,9738.55,1655.55,11394.1,有效发票
209720,E196,4297076,2018/4/25,C13186,1934.19,328.81,2263.0,有效发票
209721,E196,5200368,2018/4/27,C02369,17094.01,2905.99,20000.0,有效发票
209722,E196,90180226,2018/4/27,C08135,21.7,1.3,23.0,有效发票
209723,E196,32686,2018/4/27,C13186,5092.21,865.69,5957.9,作废发票
209724,E196,32687,2018/4/27,C13186,6091.97,1035.63,7127.6,作废发票
209725,E196,489513,2018/4/27,C14047,33020.51,5613.49,38634.0,有效发票
209726,E196,32692,2018/4/28,C13186,2876.83,489.07,3365.9,有效发票
209727,E196,32693,2018/5/5,C13186,2344.83,375.17,2720.0,有效发票
209728,E196,813470,2018/5/10,C21106,2830.19,169.81,3000.0,有效发票
209729,E196,17053511,2018/5/14,C13321,543.69,16.31,560.0,有效发票
209730,E196,9072897,2018/5/16,C15480,6427.36,385.64,6813.0,有效发票
209731,E196,2191778,2018/5/18,C07841,5770.9,923.35,6694.25,有效发票
209732,E196,18537830,2018/5/18,C13501,2109.7,63.3,2173.0,有效发票
209733,E196,1133090,2018/5/21,C13349,4329.57,692.73,5022.3,有效发票
209734,E196,2120191,2018/5/21,C15525,13439.66,2150.34,15590.0,有效发票
209735,E196,4904408,2018/5/22,C12690,2284.48,365.52,2650.0,有效发票
209736,E196,581138,2018/5/23,C05909,-4038.46,-686.54,-4725.0,有效发票
209737,E196,6618371,2018/5/23,C16108,508.92,81.43,590.35,有效发票
209738,E196,1195733,2018/5/24,C08135,208.49,12.51,221.0,作废发票
209739,E196,5581823,2018/5/24,C12474,6274.14,1003.86,7278.0,有效发票
209740,E196,9237104,2018/5/24,C12758,8155.34,244.66,8400.0,有效发票
209741,E196,9237105,2018/5/24,C12758,8155.34,244.66,8400.0,有效发票
209742,E196,9237106,2018/5/24,C12758,8155.34,244.66,8400.0,有效发票
209743,E196,9237107,2018/5/24,C12758,8155.34,244.66,8400.0,有效发票
209744,E196,9237108,2018/5/24,C12758,8155.34,244.66,8400.0,有效发票
209745,E196,2314466,2018/5/25,C13284,13969.84,2235.16,16205.0,有效发票
209746,E196,229433,2018/5/26,C13284,14431.03,2308.97,16740.0,有效发票
209747,E196,152722,2018/5/27,C13186,6753.09,1080.5,7833.59,有效发票
209748,E196,1196102,2018/5/28,C08135,1876.42,112.58,1989.0,有效发票
209749,E196,3007994,2018/5/28,C14861,99998.84,15999.81,115998.65,有效发票
209750,E196,3007995,2018/5/28,C14861,92509.37,14801.5,107310.87,有效发票
209751,E196,3007996,2018/5/28,C14861,98763.98,15802.24,114566.22,有效发票
209752,E196,3007997,2018/5/28,C14861,99030.46,15844.87,114875.33,有效发票
209753,E196,3007998,2018/5/28,C14861,93914.95,15026.4,108941.35,有效发票
209754,E196,3007999,2018/5/28,C14861,94511.23,15121.8,109633.03,有效发票
209755,E196,3008000,2018/5/28,C14861,85641.93,13702.71,99344.64,有效发票
209756,E196,3032001,2018/5/28,C14861,71555.6,11448.9,83004.5,有效发票
209757,E196,2256744,2018/5/30,C06776,98405.69,15744.91,114150.6,有效发票
209758,E196,2256745,2018/5/30,C06776,94396.55,15103.45,109500.0,有效发票
209759,E196,2256746,2018/5/30,C06776,79310.18,12689.62,91999.8,有效发票
209760,E196,96963165,2018/5/30,C08135,490.57,29.43,520.0,有效发票
209761,E196,3309147,2018/6/4,C12720,11636.36,1163.64,12800.0,有效发票
209762,E196,26955047,2018/6/5,C05679,169.81,10.19,180.0,有效发票
209763,E196,5827227,2018/6/6,C12212,2529.25,151.75,2681.0,有效发票
209764,E196,5657164,2018/6/11,C13000,16952.58,2712.42,19665.0,有效发票
209765,E196,3082788,2018/6/12,C13186,1344.83,215.17,1560.0,有效发票
209766,E196,5481560,2018/6/13,C13775,732.76,117.24,850.0,有效发票
209767,E196,9072902,2018/6/15,C15480,6132.08,367.92,6500.0,有效发票
209768,E196,2330735,2018/6/20,C12212,1583.02,94.98,1678.0,作废发票
209769,E196,5581835,2018/6/20,C12474,10601.38,1696.22,12297.6,有效发票
209770,E196,53844,2018/6/21,C12586,3827.59,612.41,4440.0,有效发票
209771,E196,3116075,2018/6/21,C13186,1235.42,197.67,1433.09,有效发票
209772,E196,2314481,2018/6/21,C13284,10584.06,1693.44,12277.5,作废发票
209773,E196,415872,2018/6/23,C13042,7482.23,1016.97,8499.2,有效发票
209774,E196,415873,2018/6/23,C13042,4519.73,451.97,4971.7,有效发票
209775,E196,3088535,2018/6/23,C15525,22163.79,3546.21,25710.0,有效发票
209776,E196,2521774,2018/6/24,C13349,2346.64,375.46,2722.1,有效发票
209777,E196,684170,2018/6/25,C13284,16713.36,2674.14,19387.5,有效发票
209778,E196,85259,2018/6/25,C13349,2810.34,449.66,3260.0,有效发票
209779,E196,2979537,2018/6/25,C16039,4402.95,704.47,5107.42,有效发票
209780,E196,694436,2018/6/26,C13284,9830.17,1572.83,11403.0,有效发票
209781,E196,694437,2018/6/26,C13284,6290.95,1006.55,7297.5,有效发票
209782,E196,16590177,2018/6/27,C13944,970.87,29.13,1000.0,作废发票
209783,E196,16590178,2018/6/27,C13944,970.87,29.13,1000.0,有效发票
209784,E196,2368860,2018/7/3,C13042,-7482.23,-1016.97,-8499.2,有效发票
209785,E196,2368861,2018/7/3,C13042,-4519.73,-451.97,-4971.7,有效发票
209786,E196,998781,2018/7/7,C14861,94309.17,15089.47,109398.64,有效发票
209787,E196,998782,2018/7/7,C14861,97070.14,15531.22,112601.36,有效发票
209788,E196,998783,2018/7/7,C14861,93766.93,15002.71,108769.64,有效发票
209789,E196,998784,2018/7/7,C14861,95186.33,15229.81,110416.14,有效发票
209790,E196,998785,2018/7/7,C14861,85357.09,13657.13,99014.22,有效发票
209791,E196,998786,2018/7/7,C14861,76551.72,12248.28,88800.0,有效发票
209792,E196,632996,2018/7/9,C15480,2313.21,138.79,2452.0,有效发票
209793,E196,2986905,2018/7/12,C14122,1110.34,177.66,1288.0,有效发票
209794,E196,16026883,2018/7/12,C21933,3257.27,97.73,3355.0,有效发票
209795,E196,930213,2018/7/18,C12725,7583.11,1213.29,8796.4,有效发票
209796,E196,959623,2018/7/19,C14436,2461.2,393.8,2855.0,有效发票
209797,E196,1095684,2018/7/19,C16039,87759.97,14041.6,101801.57,有效发票
209798,E196,1095685,2018/7/19,C16039,87759.97,14041.59,101801.56,有效发票
209799,E196,1095686,2018/7/19,C16039,86919.64,13907.14,100826.78,有效发票
209800,E196,1095687,2018/7/19,C16039,86919.64,13907.14,100826.78,有效发票
209801,E196,1095688,2018/7/19,C16039,57882.86,9261.26,67144.12,有效发票
209802,E196,1095689,2018/7/19,C16039,87659.21,14025.47,101684.68,有效发票
209803,E196,1095690,2018/7/19,C16039,87659.21,14025.47,101684.68,有效发票
209804,E196,1095691,2018/7/19,C16039,13091.47,2094.63,15186.1,有效发票
209805,E196,469111,2018/7/19,C16039,46896.55,7503.45,54400.0,有效发票
209806,E196,984993,2018/7/20,C15525,21793.1,3486.9,25280.0,有效发票
209807,E196,4830892,2018/7/22,C13349,3175.86,508.14,3684.0,有效发票
209808,E196,2472231,2018/7/22,C13711,961.17,28.83,990.0,有效发票
209809,E196,5414573,2018/7/23,C12426,465.52,74.48,540.0,有效发票
209810,E196,5414574,2018/7/23,C12426,465.52,74.48,540.0,有效发票
209811,E196,3116101,2018/7/23,C13186,3100.82,496.13,3596.95,有效发票
209812,E196,1036799,2018/7/23,C13186,5098.99,815.84,5914.83,有效发票
209813,E196,1036800,2018/7/23,C13186,5684.39,909.5,6593.89,有效发票
209814,E196,684197,2018/7/23,C13284,34112.07,5457.93,39570.0,作废发票
209815,E196,1038952,2018/7/24,C13186,5401.02,864.17,6265.19,有效发票
209816,E196,1155888,2018/7/24,C13284,40816.81,6530.69,47347.5,有效发票
209817,E196,1636616,2018/7/27,C07314,35591.55,5694.65,41286.2,有效发票
209818,E196,1636617,2018/7/27,C07314,1764.48,282.32,2046.8,有效发票
209819,E196,983717,2018/7/28,C16012,3918.97,627.03,4546.0,有效发票
209820,E196,46450909,2018/7/30,C08135,10.38,0.62,11.0,有效发票
209821,E196,46450955,2018/7/30,C08135,47.17,2.83,50.0,有效发票
209822,E196,3090741,2018/7/31,C07841,7880.17,1260.83,9141.0,有效发票
209823,E196,304114,2018/7/31,C13501,1562.62,46.88,1609.5,有效发票
209824,E196,1372867,2018/8/10,C07762,4827.59,772.41,5600.0,有效发票
209825,E196,632999,2018/8/13,C15480,3937.74,236.26,4174.0,作废发票
209826,E196,637412,2018/8/13,C15480,3937.74,236.26,4174.0,有效发票
209827,E196,985005,2018/8/14,C15525,24336.21,3893.79,28230.0,有效发票
209828,E196,7008656,2018/8/20,C13775,612.07,97.93,710.0,有效发票
209829,E196,5087287,2018/8/20,C16012,5950.0,952.0,6902.0,有效发票
209830,E196,1038987,2018/8/21,C13186,13462.72,2154.04,15616.76,有效发票
209831,E196,5028079,2018/8/21,C13186,1696.72,271.48,1968.2,有效发票
209832,E196,1155919,2018/8/21,C13284,30433.19,4869.31,35302.5,作废发票
209833,E196,5043400,2018/8/21,C16039,34724.89,5555.98,40280.87,有效发票
209834,E196,954576,2018/8/22,C13321,584.47,17.53,602.0,有效发票
209835,E196,7645209,2018/8/23,C16084,28851.52,4616.24,33467.76,有效发票
209836,E196,7651269,2018/8/24,C13284,40137.94,6422.06,46560.0,有效发票
209837,E196,5115887,2018/8/24,C15065,15094.38,2415.12,17509.5,有效发票
209838,E196,726923,2018/8/24,C15104,5538.79,886.21,6425.0,有效发票
209839,E196,4979373,2018/8/25,C06776,38321.03,6131.37,44452.4,作废发票
209840,E196,4979374,2018/8/25,C06776,99894.89,15983.18,115878.07,有效发票
209841,E196,4979375,2018/8/25,C06776,98908.36,15825.34,114733.7,有效发票
209842,E196,4979376,2018/8/25,C06776,93413.53,14946.17,108359.7,有效发票
209843,E196,4979377,2018/8/25,C06776,94010.56,15041.69,109052.25,有效发票
209844,E196,4979378,2018/8/25,C06776,93767.93,15002.87,108770.8,有效发票
209845,E196,4979379,2018/8/25,C06776,99338.41,15894.14,115232.55,有效发票
209846,E196,4979380,2018/8/25,C06776,98262.39,15721.98,113984.37,有效发票
209847,E196,4979381,2018/8/25,C06776,95254.28,15240.68,110494.96,有效发票
209848,E196,613745,2018/8/27,C05734,1896.55,303.45,2200.0,有效发票
209849,E196,4979415,2018/8/27,C06776,23051.21,3688.19,26739.4,有效发票
209850,E196,5261919,2018/8/27,C12474,6288.8,1006.2,7295.0,有效发票
209851,E196,13143777,2018/8/27,C13705,16613.79,2658.21,19272.0,有效发票
209852,E196,469131,2018/8/27,C16039,23793.1,3806.9,27600.0,有效发票
209853,E196,4979487,2018/8/28,C06776,99137.93,15862.07,115000.0,有效发票
209854,E196,4979488,2018/8/28,C06776,7465.2,1194.43,8659.63,有效发票
209855,E196,4979489,2018/8/28,C06776,99137.93,15862.07,115000.0,有效发票
209856,E196,4979490,2018/8/28,C06776,99137.93,15862.07,115000.0,有效发票
209857,E196,4979491,2018/8/28,C06776,6364.38,1018.3,7382.68,有效发票
209858,E196,1618823,2018/9/4,C12243,98614.53,15778.32,114392.85,有效发票
209859,E196,11928738,2018/9/7,C02369,11270.3,1803.24,13073.54,有效发票
209860,E196,11928739,2018/9/7,C02369,32436.14,5189.78,37625.92,有效发票
209861,E196,7675329,2018/9/10,C15480,5980.19,358.81,6339.0,有效发票
209862,E196,7786319,2018/9/10,C16039,60739.15,9718.26,70457.41,有效发票
209863,E196,7786320,2018/9/10,C16039,62860.84,10057.72,72918.56,有效发票
209864,E196,12918725,2018/9/14,C12212,506.6,30.4,537.0,有效发票
209865,E196,12918726,2018/9/14,C12212,1350.0,81.0,1431.0,有效发票
209866,E196,5113747,2018/9/14,C14540,413.79,66.21,480.0,有效发票
209867,E196,4232557,2018/9/15,C14047,8620.69,1379.31,10000.0,有效发票
209868,E196,4232558,2018/9/15,C14047,8620.69,1379.31,10000.0,有效发票
209869,E196,4232559,2018/9/15,C14047,8620.69,1379.31,10000.0,有效发票
209870,E196,4232560,2018/9/15,C14047,8620.69,1379.31,10000.0,有效发票
209871,E196,4232561,2018/9/15,C14047,8620.69,1379.31,10000.0,有效发票
209872,E196,4232562,2018/9/15,C14047,8275.86,1324.14,9600.0,有效发票
209873,E196,11936588,2018/9/17,C13186,12500.0,2000.0,14500.0,有效发票
209874,E196,14260821,2018/9/18,C05909,4073.28,651.72,4725.0,有效发票
209875,E196,46263494,2018/9/18,C08135,65.09,3.91,69.0,有效发票
209876,E196,46263499,2018/9/18,C08135,70.75,4.25,75.0,有效发票
209877,E196,46759007,2018/9/18,C08135,66.98,4.02,71.0,有效发票
209878,E196,7104739,2018/9/19,C07624,86206.9,13793.1,100000.0,有效发票
209879,E196,7104740,2018/9/19,C07624,28884.48,4621.52,33506.0,有效发票
209880,E196,14912164,2018/9/21,C06776,99137.93,15862.07,115000.0,有效发票
209881,E196,14912165,2018/9/21,C06776,99137.93,15862.07,115000.0,有效发票
209882,E196,14912166,2018/9/21,C06776,99137.93,15862.07,115000.0,有效发票
209883,E196,14912167,2018/9/21,C06776,99137.93,15862.07,115000.0,有效发票
209884,E196,14912168,2018/9/21,C06776,99137.93,15862.07,115000.0,有效发票
209885,E196,14912169,2018/9/21,C06776,99137.93,15862.07,115000.0,有效发票
209886,E196,14912170,2018/9/21,C06776,99137.93,15862.07,115000.0,有效发票
209887,E196,14912171,2018/9/21,C06776,90179.87,14428.77,104608.64,有效发票
209888,E196,14912172,2018/9/21,C06776,85710.49,13713.67,99424.16,有效发票
209889,E196,15205214,2018/9/21,C14169,11814.65,1890.35,13705.0,有效发票
209890,E196,1618826,2018/9/25,C12243,29056.12,4648.98,33705.1,有效发票
209891,E196,16269133,2018/9/25,C13349,3811.12,609.78,4420.9,有效发票
209892,E196,15589033,2018/9/25,C15065,9379.31,1500.69,10880.0,有效发票
209893,E196,7670531,2018/9/26,C13284,4543.97,727.03,5271.0,有效发票
209894,E196,7670532,2018/9/26,C13284,7911.21,1265.79,9177.0,有效发票
209895,E196,15587921,2018/9/26,C13284,27879.31,4460.69,32340.0,有效发票
209896,E196,14263736,2018/9/27,C16108,364.05,58.25,422.3,有效发票
209897,E196,9562939,2018/9/29,C07483,22512.41,3601.99,26114.4,有效发票
209898,E196,16026890,2018/9/29,C21933,184.47,5.53,190.0,作废发票
209899,E196,16026891,2018/9/29,C21933,184.47,5.53,190.0,有效发票
209900,E196,15575207,2018/10/6,C11979,87106.26,13937.0,101043.26,有效发票
209901,E196,4005314,2018/10/8,C02211,1360.0,0.0,1360.0,有效发票
209902,E196,13153675,2018/10/10,C13705,9073.69,1451.79,10525.48,有效发票
209903,E196,5970135,2018/10/10,C15882,49605.18,7936.82,57542.0,有效发票
209904,E196,7675343,2018/10/11,C15480,4442.45,266.55,4709.0,有效发票
209905,E196,15647089,2018/10/11,C16039,35715.95,5714.55,41430.5,有效发票
209906,E196,46661840,2018/10/12,C08135,710.38,42.62,753.0,有效发票
209907,E196,14486049,2018/10/13,C12006,2671.49,427.44,3098.93,有效发票
209908,E196,9562973,2018/10/15,C07483,3196.21,511.39,3707.6,有效发票
209909,E196,153563,2018/10/16,C07841,4133.62,661.38,4795.0,有效发票
209910,E196,7745637,2018/10/16,C15525,13681.03,2188.97,15870.0,有效发票
209911,E196,16553252,2018/10/19,C15953,1698.28,271.72,1970.0,有效发票
209912,E196,15842767,2018/10/22,C05705,8490.57,509.43,9000.0,有效发票
209913,E196,4812705,2018/10/22,C12424,9708.74,291.26,10000.0,作废发票
209914,E196,4812706,2018/10/22,C12424,9708.74,291.26,10000.0,有效发票
209915,E196,4812707,2018/10/22,C12424,9708.74,291.26,10000.0,有效发票
209916,E196,244450,2018/10/22,C13284,14256.47,2281.03,16537.5,有效发票
209917,E196,247526,2018/10/23,C11979,68533.25,10965.33,79498.58,有效发票
209918,E196,247527,2018/10/23,C11979,66682.19,10669.16,77351.35,有效发票
209919,E196,183822,2018/10/23,C13186,1670.26,267.24,1937.5,有效发票
209920,E196,15647113,2018/10/23,C16039,89788.83,14366.21,104155.04,有效发票
209921,E196,15647117,2018/10/23,C16039,1182.25,189.16,1371.41,有效发票
209922,E196,13195636,2018/10/24,C07762,4181.03,668.97,4850.0,有效发票
209923,E196,149954,2018/10/24,C13186,11906.38,1905.02,13811.4,有效发票
209924,E196,2787858,2018/10/25,C06776,97024.41,15523.91,112548.32,有效发票
209925,E196,2787859,2018/10/25,C06776,82040.02,13126.41,95166.43,有效发票
209926,E196,14715355,2018/10/25,C12416,5289.22,846.28,6135.5,有效发票
209927,E196,2696226,2018/10/25,C16039,6491.38,1038.62,7530.0,有效发票
209928,E196,19103444,2018/10/26,C05702,1941.75,58.25,2000.0,有效发票
209929,E196,2991522,2018/10/28,C13775,1396.55,223.45,1620.0,有效发票
209930,E196,5366904,2018/10/29,C02304,1825.68,109.54,1935.22,有效发票
209931,E196,316033,2018/11/5,C12725,6034.48,965.52,7000.0,有效发票
209932,E196,13926839,2018/11/6,C12703,13655.17,2184.83,15840.0,作废发票
209933,E196,358268,2018/11/7,C15480,9700.0,582.0,10282.0,有效发票
209934,E196,19005196,2018/11/9,C12474,4547.41,727.59,5275.0,有效发票
209935,E196,17195095,2018/11/13,C13927,7281.55,218.45,7500.0,有效发票
209936,E196,616520,2018/11/14,C12703,13637.92,2182.08,15820.0,有效发票
209937,E196,6063532,2018/11/15,C05689,132.08,7.92,140.0,有效发票
209938,E196,19047783,2018/11/15,C07995,1854.62,296.74,2151.36,有效发票
209939,E196,16570661,2018/11/15,C16044,8587.56,1374.04,9961.6,有效发票
209940,E196,19068564,2018/11/18,C13927,7281.55,218.45,7500.0,有效发票
209941,E196,149851,2018/11/18,C15525,18758.62,3001.38,21760.0,有效发票
209942,E196,14059908,2018/11/19,C12006,144.83,23.17,168.0,有效发票
209943,E196,3809896,2018/11/20,C07051,9433.96,566.04,10000.0,有效发票
209944,E196,3809897,2018/11/20,C07051,9433.96,566.04,10000.0,有效发票
209945,E196,1145071,2018/11/21,C16039,20821.17,3331.38,24152.55,有效发票
209946,E196,5247149,2018/11/22,C13349,6781.21,1084.99,7866.2,有效发票
209947,E196,1343045,2018/11/23,C11979,76072.05,12171.52,88243.57,有效发票
209948,E196,1352515,2018/11/23,C13284,14161.64,2265.86,16427.5,有效发票
209949,E196,1343779,2018/11/23,C15065,5104.53,816.72,5921.25,有效发票
209950,E196,1342134,2018/11/26,C06776,69407.97,11105.28,80513.25,有效发票
209951,E196,1342135,2018/11/26,C06776,35185.99,5629.76,40815.75,有效发票
209952,E196,1390070,2018/11/27,C16012,430.17,68.83,499.0,有效发票
209953,E196,1342257,2018/11/28,C06776,32912.01,5265.92,38177.93,有效发票
209954,E196,1342258,2018/11/28,C06776,85372.38,13659.58,99031.96,有效发票
209955,E196,19087501,2018/11/28,C07314,504.31,80.69,585.0,有效发票
209956,E196,47036518,2018/11/28,C08135,224.53,13.47,238.0,有效发票
209957,E196,1257618,2018/11/29,C13186,5344.4,855.1,6199.5,有效发票
209958,E196,3780527,2018/11/29,C13501,4759.21,142.79,4902.0,有效发票
209959,E196,1417630,2018/11/29,C16039,52022.68,8323.62,60346.3,有效发票
209960,E196,3780528,2018/12/3,C13501,2917.47,87.53,3005.0,有效发票
209961,E196,8775666,2018/12/4,C07964,2452.83,147.17,2600.0,有效发票
209962,E196,47190417,2018/12/4,C08135,61.32,3.68,65.0,有效发票
209963,E196,3696210,2018/12/5,C07091,7547.17,452.83,8000.0,有效发票
209964,E196,19179930,2018/12/5,C12844,1509.43,90.57,1600.0,有效发票
209965,E196,19179931,2018/12/5,C12844,5026.42,301.58,5328.0,有效发票
209966,E196,53441462,2018/12/6,C02374,172.41,27.59,200.0,有效发票
209967,E196,358279,2018/12/6,C15480,2592.45,155.55,2748.0,有效发票
209968,E196,3166079,2018/12/7,C13480,621.36,18.64,640.0,有效发票
209969,E196,3988617,2018/12/8,C23137,328.16,9.84,338.0,有效发票
209970,E196,153585,2018/12/10,C07841,5732.76,917.24,6650.0,有效发票
209971,E196,1526357,2018/12/10,C13065,1551.72,248.28,1800.0,有效发票
209972,E196,386024,2018/12/12,C05909,3879.31,620.69,4500.0,有效发票
209973,E196,4815914,2018/12/12,C16022,14266.14,2282.58,16548.72,有效发票
209974,E196,15682497,2018/12/13,C12416,28262.89,4522.06,32784.95,有效发票
209975,E196,2864108,2018/12/13,C12690,6689.66,1070.34,7760.0,有效发票
209976,E196,95118306,2018/12/14,C07715,264.15,15.85,280.0,有效发票
209977,E196,47345129,2018/12/14,C08135,495.28,29.72,525.0,有效发票
209978,E196,47345133,2018/12/14,C08135,1876.42,112.58,1989.0,有效发票
209979,E196,49777421,2018/12/18,C12006,41.29,6.6,47.89,有效发票
209980,E196,5729503,2018/12/19,C02369,16178.78,2588.6,18767.38,有效发票
209981,E196,5575239,2018/12/19,C14427,3530.17,564.83,4095.0,有效发票
209982,E196,1454608,2018/12/19,C15525,23625.0,3780.0,27405.0,有效发票
209983,E196,4530166,2018/12/19,C16039,98048.73,15687.79,113736.52,有效发票
209984,E196,4530167,2018/12/19,C16039,24562.72,3930.04,28492.76,有效发票
209985,E196,1591257,2018/12/20,C11979,99854.22,15976.68,115830.9,有效发票
209986,E196,1591258,2018/12/20,C11979,99136.81,15861.89,114998.7,有效发票
209987,E196,1591259,2018/12/20,C11979,98174.22,15707.88,113882.1,有效发票
209988,E196,1591260,2018/12/20,C11979,96089.83,15374.37,111464.2,有效发票
209989,E196,1591261,2018/12/20,C11979,98724.4,15795.9,114520.3,有效发票
209990,E196,1591262,2018/12/20,C11979,99207.24,15873.16,115080.4,作废发票
209991,E196,1591263,2018/12/20,C11979,99207.24,15873.16,115080.4,有效发票
209992,E196,1591264,2018/12/20,C11979,98565.69,15770.51,114336.2,有效发票
209993,E196,1591265,2018/12/20,C11979,96747.93,15479.67,112227.6,有效发票
209994,E196,1591266,2018/12/20,C11979,98879.57,15820.73,114700.3,有效发票
209995,E196,1591267,2018/12/20,C11979,98165.86,15706.54,113872.4,有效发票
209996,E196,1591268,2018/12/20,C11979,50841.87,8134.7,58976.57,有效发票
209997,E196,4755658,2018/12/20,C13321,2038.83,61.17,2100.0,有效发票
209998,E196,1591269,2018/12/21,C11979,68110.8,10897.73,79008.53,有效发票
209999,E196,1390982,2018/12/21,C13186,300.53,48.09,348.62,有效发票
210000,E196,7659604,2018/12/21,C15065,8058.62,1289.38,9348.0,有效发票
210001,E196,5619841,2018/12/22,C16124,3262.14,97.86,3360.0,有效发票
210002,E196,5918091,2018/12/24,C06776,55277.58,8844.41,64121.99,有效发票
210003,E196,5918092,2018/12/24,C06776,76180.35,12188.86,88369.21,有效发票
210004,E196,1428187,2018/12/24,C13284,7060.35,1129.65,8190.0,有效发票
210005,E196,1428188,2018/12/24,C13284,6090.52,974.48,7065.0,有效发票
210006,E196,1428189,2018/12/24,C13284,8780.18,1404.82,10185.0,有效发票
210007,E196,5918131,2018/12/25,C06776,92096.48,14735.44,106831.92,有效发票
210008,E196,5918132,2018/12/25,C06776,94253.77,15080.6,109334.37,有效发票
210009,E196,5918133,2018/12/25,C06776,86712.7,13874.03,100586.73,有效发票
210010,E196,4535163,2018/12/25,C16012,2946.55,471.45,3418.0,有效发票
210011,E196,8134258,2018/12/25,C16039,18897.41,3023.59,21921.0,作废发票
210012,E196,8134259,2018/12/25,C16039,24069.83,3851.17,27921.0,有效发票
210013,E196,5918148,2018/12/26,C06776,99137.93,15862.07,115000.0,有效发票
210014,E196,5918149,2018/12/26,C06776,99137.93,15862.07,115000.0,有效发票
210015,E196,5918150,2018/12/26,C06776,99137.93,15862.07,115000.0,有效发票
210016,E196,5918151,2018/12/26,C06776,95227.66,15236.43,110464.09,有效发票
210017,E196,5918152,2018/12/26,C06776,74719.57,11955.13,86674.7,有效发票
210018,E196,5918153,2018/12/26,C06776,57074.31,9131.89,66206.2,有效发票
210019,E196,1401891,2018/12/26,C13186,34239.98,5478.42,39718.4,有效发票
210020,E196,1401895,2018/12/27,C13186,7495.86,1199.34,8695.2,有效发票
210021,E196,7725336,2018/12/27,C16091,3700.86,592.14,4293.0,有效发票
210022,E196,1553343,2018/12/27,C16450,9545.86,1527.34,11073.2,有效发票
210023,E196,1553344,2018/12/27,C16450,9907.52,1585.2,11492.72,有效发票
210024,E196,1553345,2018/12/27,C16450,9775.83,1564.13,11339.96,有效发票
210025,E196,1553346,2018/12/27,C16450,9437.76,1510.04,10947.8,有效发票
210026,E196,1553347,2018/12/27,C16450,9857.72,1577.24,11434.96,有效发票
210027,E196,1553348,2018/12/27,C16450,9998.59,1599.77,11598.36,有效发票
210028,E196,1553349,2018/12/27,C16450,9645.45,1543.27,11188.72,有效发票
210029,E196,1553350,2018/12/27,C16450,9732.59,1557.21,11289.8,有效发票
210030,E196,1553351,2018/12/27,C16450,8524.45,1363.91,9888.36,有效发票
210031,E196,1553352,2018/12/27,C16450,7934.39,1269.5,9203.89,有效发票
210032,E196,1553441,2018/12/28,C14861,99998.69,15999.79,115998.48,有效发票
210033,E196,1553442,2018/12/28,C14861,99904.0,15984.64,115888.64,有效发票
210034,E196,1553443,2018/12/28,C14861,99987.52,15998.0,115985.52,有效发票
210035,E196,1553444,2018/12/28,C14861,99587.76,15934.04,115521.8,有效发票
210036,E196,1553445,2018/12/28,C14861,99978.34,15996.54,115974.88,有效发票
210037,E196,1553354,2018/12/28,C16450,9921.93,1587.51,11509.44,有效发票
210038,E196,1553355,2018/12/28,C16450,9969.1,1595.06,11564.16,有效发票
210039,E196,1553356,2018/12/28,C16450,9969.1,1595.06,11564.16,有效发票
210040,E196,1553357,2018/12/28,C16450,9859.69,1577.55,11437.24,有效发票
210041,E196,1553358,2018/12/28,C16450,9813.17,1570.11,11383.28,有效发票
210042,E196,1553359,2018/12/28,C16450,9982.21,1597.15,11579.36,有效发票
210043,E196,1553360,2018/12/28,C16450,9759.45,1561.51,11320.96,有效发票
210044,E196,1553361,2018/12/28,C16450,9889.83,1582.37,11472.2,有效发票
210045,E196,1553362,2018/12/28,C16450,9903.59,1584.57,11488.16,有效发票
210046,E196,1553363,2018/12/28,C16450,9998.59,1599.77,11598.36,有效发票
210047,E196,1553364,2018/12/28,C16450,9990.72,1598.52,11589.24,有效发票
210048,E196,1553365,2018/12/28,C16450,9957.97,1593.27,11551.24,有效发票
210049,E196,1553366,2018/12/28,C16450,9980.24,1596.84,11577.08,有效发票
210050,E196,1553367,2018/12/28,C16450,9950.76,1592.12,11542.88,有效发票
210051,E196,1553368,2018/12/28,C16450,9971.07,1595.37,11566.44,有效发票
210052,E196,1553369,2018/12/28,C16450,9825.62,1572.1,11397.72,有效发票
210053,E196,1553370,2018/12/28,C16450,9984.17,1597.47,11581.64,有效发票
210054,E196,47892899,2019/1/3,C08135,189.62,11.38,201.0,有效发票
210055,E196,3832223,2019/1/3,C23112,2849.51,85.49,2935.0,有效发票
210056,E196,5832335,2019/1/6,C13775,1267.25,202.75,1470.0,有效发票
210057,E196,32721681,2019/1/7,C13321,1359.22,40.78,1400.0,有效发票
210058,E196,358290,2019/1/7,C15480,6890.57,413.43,7304.0,有效发票
210059,E196,5966495,2019/1/9,C12212,1737.74,104.26,1842.0,有效发票
210060,E196,7674517,2019/1/9,C13284,4607.76,737.24,5345.0,有效发票
210061,E196,15965337,2019/1/10,C06895,9708.74,291.26,10000.0,有效发票
210062,E196,15965338,2019/1/10,C06895,9708.74,291.26,10000.0,有效发票
210063,E196,15965339,2019/1/10,C06895,9708.74,291.26,10000.0,有效发票
210064,E196,15965340,2019/1/10,C06895,9708.74,291.26,10000.0,有效发票
210065,E196,15965341,2019/1/10,C06895,9708.74,291.26,10000.0,有效发票
210066,E196,15965342,2019/1/10,C06895,9708.74,291.26,10000.0,有效发票
210067,E196,15965343,2019/1/10,C06895,9708.74,291.26,10000.0,有效发票
210068,E196,4530764,2019/1/10,C13186,5504.98,880.8,6385.78,有效发票
210069,E196,4530765,2019/1/10,C13186,5748.47,919.75,6668.22,有效发票
210070,E196,5607549,2019/1/15,C11797,7038.8,1126.2,8165.0,有效发票
210071,E196,9903209,2019/1/15,C15065,26031.89,4165.11,30197.0,有效发票
210072,E196,1391006,2019/1/16,C13186,7367.51,1178.8,8546.31,有效发票
210073,E196,5997647,2019/1/16,C15272,6551.72,1048.28,7600.0,有效发票
210074,E196,7817835,2019/1/16,C15525,33448.28,5351.72,38800.0,有效发票
210075,E196,8224182,2019/1/16,C15635,2111.9,337.9,2449.8,有效发票
210076,E196,7042963,2019/1/17,C13349,4889.83,782.37,5672.2,有效发票
210077,E196,9764867,2019/1/18,C06776,62561.21,10009.8,72571.01,有效发票
210078,E196,9764868,2019/1/18,C06776,75498.1,12079.69,87577.79,有效发票
210079,E196,9764869,2019/1/18,C06776,65529.24,10484.68,76013.92,有效发票
210080,E196,9840588,2019/1/18,C16039,65408.75,10465.4,75874.15,有效发票
210081,E196,183295,2019/1/19,C07762,5445.69,871.31,6317.0,有效发票
210082,E196,1025812,2019/1/19,C12690,2025.85,324.15,2350.0,有效发票
210083,E196,2325668,2019/1/21,C02304,2508.61,150.52,2659.13,有效发票
210084,E196,9607022,2019/1/21,C13000,21272.42,3403.58,24676.0,有效发票
210085,E196,9945613,2019/1/21,C13284,63047.42,10087.58,73135.0,有效发票
210086,E196,9848748,2019/1/21,C16084,2778.1,444.5,3222.6,有效发票
210087,E196,3681022,2019/1/22,C05734,3034.48,485.52,3520.0,有效发票
210088,E196,7944425,2019/1/23,C12474,6274.14,1003.86,7278.0,有效发票
210089,E196,183305,2019/1/24,C07762,5445.69,871.31,6317.0,作废发票
210090,E196,9890457,2019/1/24,C13186,35933.79,5749.41,41683.2,有效发票
210091,E196,7285376,2019/1/25,C07314,11344.82,1815.18,13160.0,有效发票
210092,E196,9765114,2019/1/26,C06776,99137.93,15862.07,115000.0,有效发票
210093,E196,9765115,2019/1/26,C06776,99137.93,15862.07,115000.0,有效发票
210094,E196,9765116,2019/1/26,C06776,99137.93,15862.07,115000.0,有效发票
210095,E196,9765117,2019/1/26,C06776,92456.9,14793.1,107250.0,有效发票
210096,E196,9765118,2019/1/26,C06776,88758.62,14201.38,102960.0,有效发票
210097,E196,9765119,2019/1/26,C06776,86349.14,13815.86,100165.0,有效发票
210098,E196,9765120,2019/1/26,C06776,94829.96,15172.79,110002.75,有效发票
210099,E196,9765121,2019/1/26,C06776,90868.54,14538.96,105407.5,有效发票
210100,E196,9765122,2019/1/26,C06776,88845.91,14215.34,103061.25,有效发票
210101,E196,34144902,2019/1/29,C05689,113.21,6.79,120.0,有效发票
210102,E196,1797943,2019/1/29,C11979,46417.89,7426.86,53844.75,有效发票
210103,E196,1797944,2019/1/29,C11979,82707.34,13233.17,95940.51,有效发票
210104,E196,1797945,2019/1/29,C11979,80004.04,12800.66,92804.7,有效发票
210105,E196,34144925,2019/1/30,C05689,113.21,6.79,120.0,有效发票
210106,E196,1380120,2019/1/30,C12690,3375.0,540.0,3915.0,有效发票
210107,E196,7587945,2019/2/16,C15882,23978.45,3836.55,27815.0,有效发票
210108,E196,5985669,2019/2/18,C06317,2378.64,71.36,2450.0,有效发票
210109,E196,5730179,2019/2/18,C11797,7301.73,1168.27,8470.0,有效发票
210110,E196,9904772,2019/2/18,C15480,5947.17,356.83,6304.0,有效发票
210111,E196,9890478,2019/2/21,C13186,9706.54,1553.06,11259.6,有效发票
210112,E196,5767964,2019/2/22,C12006,100.86,16.14,117.0,有效发票
210113,E196,4792783,2019/2/23,C12006,137.05,21.93,158.98,有效发票
210114,E196,744736,2019/2/25,C02304,294.34,17.66,312.0,有效发票
210115,E196,9765264,2019/2/25,C06776,86910.08,13905.61,100815.69,有效发票
210116,E196,9765265,2019/2/25,C06776,79608.08,12737.28,92345.36,有效发票
210117,E196,7817840,2019/2/25,C15525,19650.86,3144.14,22795.0,有效发票
210118,E196,5066733,2019/2/26,C12006,-137.05,-21.93,-158.98,有效发票
210119,E196,5392506,2019/2/27,C16039,49271.9,7883.51,57155.41,有效发票
210120,E196,2328970,2019/3/4,C02304,1996.87,119.81,2116.68,有效发票
210121,E196,2328971,2019/3/4,C02304,2110.23,126.61,2236.84,有效发票
210122,E196,27583320,2019/3/6,C08135,300.0,18.0,318.0,有效发票
210123,E196,1465343,2019/3/6,C12212,3052.83,183.17,3236.0,有效发票
210124,E196,9904778,2019/3/6,C15480,2241.51,134.49,2376.0,有效发票
210125,E196,925897,2019/3/11,C15151,29126.21,873.79,30000.0,有效发票
210126,E196,7119662,2019/3/14,C12474,8834.48,1413.52,10248.0,有效发票
210127,E196,1899710,2019/3/14,C15065,16317.24,2610.76,18928.0,有效发票
210128,E196,37841990,2019/3/16,C05689,113.21,6.79,120.0,有效发票
210129,E196,81066285,2019/3/19,C08135,393.4,23.6,417.0,有效发票
210130,E196,3780546,2019/3/19,C13501,4036.88,121.12,4158.0,有效发票
210131,E196,9981904,2019/3/20,C12006,150.35,24.05,174.4,有效发票
210132,E196,1438898,2019/3/20,C15635,6238.66,998.18,7236.84,有效发票
210133,E196,7102608,2019/3/21,C13349,2567.46,410.79,2978.25,有效发票
210134,E196,6118766,2019/3/22,C06776,69436.71,11109.87,80546.58,有效发票
210135,E196,38956907,2019/3/22,C07301,754.72,45.28,800.0,有效发票
210136,E196,5392602,2019/3/22,C16039,32658.18,5225.31,37883.49,有效发票
210137,E196,5496308,2019/3/24,C15525,35400.86,5664.14,41065.0,有效发票
210138,E196,5645246,2019/3/25,C11979,94224.74,15075.96,109300.7,有效发票
210139,E196,5645247,2019/3/25,C11979,84138.66,13462.18,97600.84,有效发票
210140,E196,5645248,2019/3/25,C11979,45735.94,7317.75,53053.69,作废发票
210141,E196,5645249,2019/3/25,C11979,45735.94,7317.75,53053.69,有效发票
210142,E196,5378646,2019/3/25,C13186,19253.68,3080.6,22334.28,作废发票
210143,E196,9051003,2019/3/25,C13284,8620.69,1379.31,10000.0,有效发票
210144,E196,9051004,2019/3/25,C13284,2693.97,431.03,3125.0,有效发票
210145,E196,9051005,2019/3/25,C13284,2741.38,438.62,3180.0,有效发票
210146,E196,9051006,2019/3/25,C13284,5250.0,840.0,6090.0,有效发票
210147,E196,5856201,2019/3/25,C15272,8620.69,1379.31,10000.0,有效发票
210148,E196,5856202,2019/3/25,C15272,8620.69,1379.31,10000.0,有效发票
210149,E196,5856203,2019/3/25,C15272,8409.66,1345.54,9755.2,有效发票
210150,E196,9114147,2019/3/26,C13284,34150.86,5464.14,39615.0,有效发票
210151,E196,5558433,2019/3/26,C15104,10858.62,1737.38,12596.0,有效发票
210152,E196,5730202,2019/3/27,C11797,7060.34,1129.66,8190.0,有效发票
210153,E196,9158873,2019/3/27,C13186,29598.51,4735.77,34334.28,有效发票
210154,E196,5629328,2019/3/27,C16012,2021.55,323.45,2345.0,有效发票
210155,E196,5556710,2019/3/28,C14861,99996.34,15999.41,115995.75,有效发票
210156,E196,5556711,2019/3/28,C14861,99998.81,15999.81,115998.62,有效发票
210157,E196,9145734,2019/3/28,C14861,99997.46,15999.59,115997.05,有效发票
210158,E196,9145735,2019/3/28,C14861,99997.46,15999.59,115997.05,有效发票
210159,E196,9145736,2019/3/28,C14861,48285.8,7725.73,56011.53,有效发票
210160,E196,9904785,2019/4/8,C15480,1835.85,110.15,1946.0,有效发票
210161,E196,1318113,2019/4/12,C05909,3876.11,503.89,4380.0,有效发票
210162,E196,9089987,2019/4/12,C14436,1566.37,203.63,1770.0,有效发票
210163,E196,6620577,2019/4/17,C06850,14442.49,1877.51,16320.0,作废发票
210164,E196,6620578,2019/4/17,C06850,14442.49,1877.51,16320.0,有效发票
210165,E196,9143998,2019/4/18,C07841,2466.63,320.67,2787.3,有效发票
210166,E196,8790010,2019/4/19,C13349,15073.1,1959.5,17032.6,有效发票
210167,E196,351632,2019/4/20,C15525,18796.46,2443.54,21240.0,有效发票
210168,E196,9162098,2019/4/23,C15065,969.03,125.97,1095.0,有效发票
210169,E196,615792,2019/4/23,C16084,4493.31,584.13,5077.44,有效发票
210170,E196,9217781,2019/4/24,C06776,34909.23,5585.47,40494.7,有效发票
210171,E196,9217782,2019/4/24,C06776,50786.5,6602.26,57388.76,有效发票
210172,E196,2678974,2019/4/24,C16039,35839.82,4659.18,40499.0,有效发票
210173,E196,3681026,2019/4/25,C05734,4056.64,527.36,4584.0,有效发票
210174,E196,1289036,2019/4/25,C07762,3893.81,506.19,4400.0,有效发票
210175,E196,8592400,2019/4/25,C11797,4265.47,554.53,4820.0,有效发票
210176,E196,823212,2019/4/25,C16039,14248.66,1852.33,16100.99,有效发票
210177,E196,7313706,2019/4/25,C16039,3765.49,489.51,4255.0,有效发票
210178,E196,797548,2019/4/26,C13186,529.2,68.8,598.0,有效发票
210179,E196,3487756,2019/4/26,C13783,984.96,128.04,1113.0,有效发票
210180,E196,2187026,2019/4/28,C11790,7743.36,1006.64,8750.0,有效发票
210181,E196,862385,2019/4/28,C11979,29976.99,3897.01,33874.0,有效发票
210182,E196,9158903,2019/4/28,C13186,20402.49,2652.31,23054.8,有效发票
210183,E196,28655563,2019/4/30,C08135,12.26,0.74,13.0,有效发票
210184,E196,2856979,2019/5/7,C12758,5714.29,285.71,6000.0,作废发票
210185,E196,5545855,2019/5/8,C06320,471.7,28.3,500.0,有效发票
210186,E196,4066876,2019/5/8,C07562,7755.75,1008.25,8764.0,有效发票
210187,E196,4115631,2019/5/10,C15272,9982.3,1297.7,11280.0,有效发票
210188,E196,4115632,2019/5/10,C15272,9982.3,1297.7,11280.0,有效发票
210189,E196,4115633,2019/5/10,C15272,9982.3,1297.7,11280.0,有效发票
210190,E196,4115634,2019/5/10,C15272,9982.3,1297.7,11280.0,有效发票
210191,E196,4115635,2019/5/10,C15272,9982.3,1297.7,11280.0,有效发票
210192,E196,700341,2019/5/10,C15480,4404.72,264.28,4669.0,有效发票
210193,E196,90417896,2019/5/12,C23112,200.0,0.0,200.0,有效发票
210194,E196,2811973,2019/5/13,C02369,18533.98,2409.42,20943.4,有效发票
210195,E196,91626997,2019/5/14,C07479,103.77,6.23,110.0,有效发票
210196,E196,9197393,2019/5/16,C11832,60176.99,7823.01,68000.0,有效发票
210197,E196,9197394,2019/5/16,C11832,60176.99,7823.01,68000.0,有效发票
210198,E196,351647,2019/5/19,C15525,21637.17,2812.83,24450.0,有效发票
210199,E196,28228134,2019/5/20,C08135,321.7,19.3,341.0,有效发票
210200,E196,5099332,2019/5/20,C12006,361.04,46.93,407.97,有效发票
210201,E196,3970572,2019/5/20,C13501,5262.15,157.85,5420.0,有效发票
210202,E196,2953972,2019/5/21,C12212,2983.96,179.04,3163.0,有效发票
210203,E196,3970573,2019/5/21,C13501,5095.14,152.86,5248.0,有效发票
210204,E196,14603383,2019/5/22,C07314,8849.56,1150.44,10000.0,有效发票
210205,E196,852199,2019/5/23,C15065,5539.82,720.18,6260.0,有效发票
210206,E196,862878,2019/5/24,C13284,25238.93,3281.07,28520.0,有效发票
210207,E196,5399005,2019/5/24,C16084,7795.54,1013.42,8808.96,有效发票
210208,E196,3375465,2019/5/25,C06776,69319.73,9011.57,78331.3,有效发票
210209,E196,1266996,2019/5/25,C13705,1557.19,202.43,1759.62,有效发票
210210,E196,3451536,2019/5/27,C12474,5503.0,715.4,6218.4,有效发票
210211,E196,3010698,2019/5/27,C15635,5819.07,756.48,6575.55,有效发票
210212,E196,4569561,2019/5/28,C07995,374.25,48.65,422.9,有效发票
210213,E196,28107836,2019/5/28,C08135,397.17,23.83,421.0,有效发票
210214,E196,858030,2019/5/28,C13284,1961.95,255.05,2217.0,作废发票
210215,E196,858031,2019/5/28,C13284,4785.4,622.1,5407.5,有效发票
210216,E196,858032,2019/5/28,C13284,4785.4,622.1,5407.5,有效发票
210217,E196,858033,2019/5/28,C13284,3995.58,519.42,4515.0,有效发票
210218,E196,858037,2019/5/28,C13284,1961.95,255.05,2217.0,有效发票
210219,E196,28718757,2019/5/29,C08135,12.26,0.74,13.0,有效发票
210220,E196,2181488,2019/5/29,C12006,17.52,2.28,19.8,有效发票
210221,E196,1369727,2019/5/31,C12849,19417.48,582.52,20000.0,有效发票
210222,E196,39284507,2019/6/3,C13042,11013.69,1321.71,12335.4,有效发票
210223,E196,39284539,2019/6/3,C13042,-11013.69,-1321.71,-12335.4,有效发票
210224,E196,39284546,2019/6/3,C13042,11013.69,1321.71,12335.4,有效发票
210225,E196,39284823,2019/6/3,C13042,-11013.69,-1321.71,-12335.4,有效发票
210226,E196,39284847,2019/6/3,C13042,11013.69,1321.71,12335.4,有效发票
210227,E196,1815540,2019/6/10,C12844,1542.45,92.55,1635.0,有效发票
210228,E196,700350,2019/6/10,C15480,6077.36,364.64,6442.0,有效发票
210229,E196,5393992,2019/6/10,C16039,96147.72,12499.2,108646.92,有效发票
210230,E196,5393993,2019/6/10,C16039,89015.76,11572.05,100587.81,有效发票
210231,E196,3148861,2019/6/11,C22554,1359.22,40.78,1400.0,有效发票
210232,E196,5720630,2019/6/12,C12006,39.82,5.18,45.0,有效发票
210233,E196,10062957,2019/6/19,C07562,3538.05,459.95,3998.0,有效发票
210234,E196,4115724,2019/6/19,C15272,6725.66,874.34,7600.0,有效发票
210235,E196,5459404,2019/6/20,C15525,16840.71,2189.29,19030.0,有效发票
210236,E196,8933956,2019/6/21,C06776,82304.96,10699.65,93004.61,有效发票
210237,E196,27912951,2019/6/21,C08135,212.26,12.74,225.0,有效发票
210238,E196,8249065,2019/6/21,C13349,1169.38,152.02,1321.4,有效发票
210239,E196,5497124,2019/6/24,C15065,1584.07,205.93,1790.0,有效发票
210240,E196,5768080,2019/6/24,C16108,11898.4,1546.79,13445.19,有效发票
210241,E196,1647905,2019/6/25,C13186,24465.75,3180.55,27646.3,有效发票
210242,E196,5425496,2019/6/25,C13284,19586.28,2546.22,22132.5,有效发票
210243,E196,5464964,2019/6/25,C14861,99997.81,12999.71,112997.52,有效发票
210244,E196,5464965,2019/6/25,C14861,99932.81,12991.27,112924.08,有效发票
210245,E196,5464966,2019/6/25,C14861,99998.44,12999.8,112998.24,有效发票
210246,E196,5464967,2019/6/25,C14861,99997.8,12999.72,112997.52,有效发票
210247,E196,5464968,2019/6/25,C14861,99185.15,12894.07,112079.22,有效发票
210248,E196,5464969,2019/6/25,C14861,99997.61,12999.69,112997.3,有效发票
210249,E196,8464664,2019/6/27,C15635,15724.6,2044.2,17768.8,有效发票
210250,E196,8934131,2019/6/29,C06776,99115.04,12884.96,112000.0,有效发票
210251,E196,8934132,2019/6/29,C06776,99115.04,12884.96,112000.0,有效发票
210252,E196,8934133,2019/6/29,C06776,99115.04,12884.96,112000.0,有效发票
210253,E196,8934134,2019/6/29,C06776,99115.04,12884.96,112000.0,有效发票
210254,E196,8934135,2019/6/29,C06776,99115.04,12884.96,112000.0,有效发票
210255,E196,8934136,2019/6/29,C06776,99115.04,12884.96,112000.0,有效发票
210256,E196,8934137,2019/6/29,C06776,99115.04,12884.96,112000.0,有效发票
210257,E196,8934138,2019/6/29,C06776,17184.96,2234.04,19419.0,有效发票
210258,E196,4706340,2019/6/30,C11790,7723.9,1004.1,8728.0,有效发票
210259,E196,29062005,2019/7/2,C08135,217.92,13.08,231.0,有效发票
210260,E196,10751338,2019/7/2,C16039,19141.59,2488.41,21630.0,有效发票
210261,E196,1157317,2019/7/3,C06544,943.4,56.6,1000.0,有效发票
210262,E196,13185076,2019/7/3,C06544,943.4,56.6,1000.0,有效发票
210263,E196,4562195,2019/7/3,C12451,145.63,4.37,150.0,有效发票
210264,E196,10821426,2019/7/3,C15181,48696.46,6330.54,55027.0,有效发票
210265,E196,28760416,2019/7/5,C08135,11.32,0.68,12.0,有效发票
210266,E196,10649138,2019/7/5,C12212,643.4,38.6,682.0,有效发票
210267,E196,8464739,2019/7/5,C15635,10920.42,1419.66,12340.08,有效发票
210268,E196,5608857,2019/7/8,C15480,4217.93,253.07,4471.0,有效发票
210269,E196,28775135,2019/7/9,C08135,622.64,37.36,660.0,有效发票
210270,E196,32067872,2019/7/10,C11986,9.52,0.48,10.0,有效发票
210271,E196,29107575,2019/7/11,C08135,12.26,0.74,13.0,有效发票
210272,E196,12118682,2019/7/11,C13000,14800.88,1924.12,16725.0,有效发票
210273,E196,12784152,2019/7/17,C12006,136.11,17.69,153.8,有效发票
210274,E196,10344549,2019/7/18,C05734,2017.7,262.3,2280.0,有效发票
210275,E196,28942362,2019/7/18,C08135,222.64,13.36,236.0,有效发票
210276,E196,13480991,2019/7/18,C12725,10676.11,1387.89,12064.0,有效发票
210277,E196,10808356,2019/7/19,C15525,28348.67,3685.33,32034.0,有效发票
210278,E196,10319547,2019/7/21,C13349,1788.05,232.45,2020.5,有效发票
210279,E196,4706344,2019/7/22,C11790,3008.85,391.15,3400.0,有效发票
210280,E196,5655755,2019/7/23,C16039,60661.22,7885.97,68547.19,有效发票
210281,E196,12801626,2019/7/24,C12006,67.17,8.73,75.9,有效发票
210282,E196,12949870,2019/7/24,C14630,1927.44,250.56,2178.0,有效发票
210283,E196,11025398,2019/7/24,C15065,9773.45,1270.55,11044.0,有效发票
210284,E196,2121841,2019/7/24,C16108,75968.14,9875.86,85844.0,有效发票
210285,E196,2121842,2019/7/24,C16108,53918.76,7009.44,60928.2,有效发票
210286,E196,19572712,2019/7/25,C06776,43118.34,5605.39,48723.73,有效发票
210287,E196,4817322,2019/7/25,C07314,20796.11,2703.49,23499.6,有效发票
210288,E196,10830762,2019/7/25,C13186,28299.47,3678.93,31978.4,有效发票
210289,E196,12966672,2019/7/25,C13284,16287.61,2117.39,18405.0,有效发票
210290,E196,10940187,2019/7/26,C13186,2033.19,264.31,2297.5,有效发票
210291,E196,15602961,2019/7/29,C03641,79.91,10.39,90.3,有效发票
210292,E196,13954290,2019/7/29,C12006,50.35,6.55,56.9,有效发票
210293,E196,10260071,2019/8/5,C15272,1946.9,253.1,2200.0,有效发票
210294,E196,10260072,2019/8/5,C15272,8849.56,1150.44,10000.0,有效发票
210295,E196,13754985,2019/8/6,C12212,616.98,37.02,654.0,有效发票
210296,E196,12954342,2019/8/6,C15480,3675.47,220.53,3896.0,有效发票
210297,E196,46391333,2019/8/7,C02374,305.31,39.69,345.0,有效发票
210298,E196,8231420,2019/8/8,C06292,42203.3,5486.43,47689.73,有效发票
210299,E196,19572950,2019/8/8,C06776,25673.45,3337.55,29011.0,有效发票
210300,E196,46764710,2019/8/10,C02374,207.97,27.03,235.0,有效发票
210301,E196,12965625,2019/8/13,C16039,77882.51,10124.72,88007.23,有效发票
210302,E196,12965626,2019/8/13,C16039,97540.09,12680.21,110220.3,有效发票
210303,E196,12965627,2019/8/13,C16039,97540.09,12680.21,110220.3,有效发票
210304,E196,12965629,2019/8/13,C16039,45436.5,5906.75,51343.25,作废发票
210305,E196,12965630,2019/8/13,C16039,49616.66,6450.17,56066.83,有效发票
210306,E196,13084306,2019/8/15,C12690,4813.3,625.7,5439.0,有效发票
210307,E196,45196940,2019/8/19,C12212,3310.38,198.62,3509.0,有效发票
210308,E196,45197032,2019/8/19,C12212,-3310.38,-198.62,-3509.0,有效发票
210309,E196,13758814,2019/8/19,C12212,3310.38,198.62,3509.0,有效发票
210310,E196,3402469,2019/8/20,C12474,12332.75,1603.25,13936.0,有效发票
210311,E196,3970586,2019/8/20,C13501,8720.39,261.61,8982.0,有效发票
210312,E196,1668665,2019/8/21,C15065,13876.12,1803.88,15680.0,有效发票
210313,E196,10886755,2019/8/21,C15525,22053.1,2866.9,24920.0,有效发票
210314,E196,1661631,2019/8/22,C13186,33823.87,4397.11,38220.98,有效发票
210315,E196,1727935,2019/8/22,C13284,52154.87,6780.13,58935.0,有效发票
210316,E196,546980,2019/8/23,C16084,10392.66,1351.04,11743.7,有效发票
210317,E196,5773875,2019/8/23,C16108,36573.45,4754.55,41328.0,有效发票
210318,E196,4817465,2019/8/26,C07314,408.85,53.15,462.0,有效发票
210319,E196,11687924,2019/8/26,C07762,5663.72,736.28,6400.0,有效发票
210320,E196,4899923,2019/8/26,C11790,13274.33,1725.67,15000.0,有效发票
210321,E196,865265,2019/8/27,C12006,-50.35,-6.55,-56.9,有效发票
210322,E196,3445811,2019/8/27,C15635,27266.27,3544.61,30810.88,有效发票
210323,E196,12940162,2019/8/27,C15953,3230.08,419.92,3650.0,有效发票
210324,E196,1705579,2019/8/27,C16039,89060.52,11577.87,100638.39,有效发票
210325,E196,1705580,2019/8/27,C16039,89060.52,11577.87,100638.39,有效发票
210326,E196,1705581,2019/8/27,C16039,25829.23,3357.8,29187.03,有效发票
210327,E196,15672161,2019/8/28,C03641,-79.91,-10.39,-90.3,有效发票
210328,E196,477777,2019/8/28,C06776,63960.76,8314.9,72275.66,有效发票
210329,E196,477778,2019/8/28,C06776,54943.35,7142.63,62085.98,有效发票
210330,E196,11870435,2019/8/28,C12911,3982.3,517.7,4500.0,有效发票
210331,E196,2562372,2019/8/28,C13284,2926.99,380.51,3307.5,有效发票
210332,E196,2562373,2019/8/28,C13284,5203.54,676.46,5880.0,有效发票
210333,E196,2562374,2019/8/28,C13284,4599.56,597.94,5197.5,有效发票
210334,E196,2074613,2019/8/28,C13705,6796.73,883.57,7680.3,有效发票
210335,E196,56335375,2019/8/29,C23112,1421.36,42.64,1464.0,有效发票
210336,E196,13841089,2019/9/3,C12212,11675.47,700.53,12376.0,有效发票
210337,E196,66000293,2019/9/5,C08135,888.68,53.32,942.0,有效发票
210338,E196,7905523,2019/9/5,C22554,1060.19,31.81,1092.0,有效发票
210339,E196,1705633,2019/9/9,C16039,97449.28,12668.41,110117.69,有效发票
210340,E196,1705634,2019/9/9,C16039,96480.68,12542.48,109023.16,有效发票
210341,E196,1705635,2019/9/9,C16039,97338.87,12654.05,109992.92,有效发票
210342,E196,1705636,2019/9/9,C16039,97747.98,12707.24,110455.22,有效发票
210343,E196,1705637,2019/9/9,C16039,87899.0,11426.87,99325.87,有效发票
210344,E196,12954348,2019/9/12,C15480,4616.03,276.97,4893.0,有效发票
210345,E196,5096539,2019/9/13,C13405,8328.86,1082.74,9411.6,有效发票
210346,E196,5096540,2019/9/13,C13405,7435.59,669.21,8104.8,有效发票
210347,E196,4232563,2019/9/16,C14047,8849.56,1150.44,10000.0,有效发票
210348,E196,4232564,2019/9/16,C14047,8849.56,1150.44,10000.0,有效发票
210349,E196,4232565,2019/9/16,C14047,8849.56,1150.44,10000.0,有效发票
210350,E196,4232566,2019/9/16,C14047,8849.56,1150.44,10000.0,有效发票
210351,E196,4232567,2019/9/16,C14047,8849.56,1150.44,10000.0,有效发票
210352,E196,4232568,2019/9/16,C14047,6477.88,842.12,7320.0,有效发票
210353,E196,3406086,2019/9/17,C15104,6917.7,899.3,7817.0,有效发票
210354,E196,3421650,2019/9/18,C13349,3246.9,422.1,3669.0,有效发票
210355,E196,2736595,2019/9/18,C14495,13274.34,1725.66,15000.0,有效发票
210356,E196,6376863,2019/9/19,C12509,176.99,23.01,200.0,有效发票
210357,E196,2736596,2019/9/19,C14495,3141.59,408.41,3550.0,有效发票
210358,E196,6394439,2019/9/21,C14047,28175.22,3662.78,31838.0,有效发票
210359,E196,3005514,2019/9/23,C15272,8849.56,1150.44,10000.0,有效发票
210360,E196,3005515,2019/9/23,C15272,8849.56,1150.44,10000.0,有效发票
210361,E196,3005516,2019/9/23,C15272,8849.56,1150.44,10000.0,有效发票
210362,E196,3005517,2019/9/23,C15272,8849.56,1150.44,10000.0,作废发票
210363,E196,3005518,2019/9/23,C15272,8849.56,1150.44,10000.0,有效发票
210364,E196,3005519,2019/9/23,C15272,3716.81,483.19,4200.0,有效发票
210365,E196,6153507,2019/9/23,C16084,63308.87,8230.15,71539.02,有效发票
210366,E196,6218509,2019/9/24,C06776,75193.83,9775.2,84969.03,有效发票
210367,E196,6218510,2019/9/24,C06776,99115.04,12884.96,112000.0,有效发票
210368,E196,6218511,2019/9/24,C06776,98944.71,12862.81,111807.52,有效发票
210369,E196,10940271,2019/9/24,C13186,3354.87,436.13,3791.0,有效发票
210370,E196,2762382,2019/9/24,C15799,34538.94,4490.06,39029.0,有效发票
210371,E196,13038897,2019/9/24,C16044,8031.87,1044.13,9076.0,有效发票
210372,E196,5345357,2019/9/25,C11790,7743.36,1006.64,8750.0,作废发票
210373,E196,5345358,2019/9/25,C11790,7743.36,1006.64,8750.0,有效发票
210374,E196,1661663,2019/9/25,C13186,36562.2,4753.08,41315.28,有效发票
210375,E196,2757389,2019/9/25,C15065,5265.49,684.51,5950.0,有效发票
210376,E196,4458840,2019/9/26,C02369,18972.38,2466.41,21438.79,有效发票
210377,E196,6122208,2019/9/27,C15635,15724.6,2044.2,17768.8,有效发票
210378,E196,7203121,2019/9/29,C07762,5734.51,745.49,6480.0,有效发票
210379,E196,4878749,2019/9/29,C11979,77920.98,10129.73,88050.71,有效发票
210380,E196,4878750,2019/9/29,C11979,90058.7,11707.63,101766.33,有效发票
210381,E196,4881270,2019/9/29,C13284,26174.77,3402.73,29577.5,有效发票
210382,E196,1043916,2019/9/29,C16108,28827.05,3747.51,32574.56,有效发票
210383,E196,66468806,2019/9/30,C08135,349.06,20.94,370.0,有效发票
210384,E196,5910743,2019/10/9,C12006,1769.02,229.97,1998.99,有效发票
210385,E196,4034080,2019/10/9,C12212,4240.57,254.43,4495.0,有效发票
210386,E196,11128979,2019/10/9,C12690,8566.37,1113.63,9680.0,有效发票
210387,E196,1560348,2019/10/9,C15882,27070.8,3519.2,30590.0,有效发票
210388,E196,19966251,2019/10/15,C05720,7766.99,233.01,8000.0,有效发票
210389,E196,12954354,2019/10/16,C15480,3951.88,237.12,4189.0,有效发票
210390,E196,2748375,2019/10/16,C15525,23482.3,3052.7,26535.0,有效发票
210391,E196,4945805,2019/10/17,C14436,2601.77,338.23,2940.0,有效发票
210392,E196,6429497,2019/10/21,C13349,1176.11,152.89,1329.0,有效发票
210393,E196,5096547,2019/10/21,C15065,4092.92,532.08,4625.0,有效发票
210394,E196,2636662,2019/10/21,C16012,2534.51,329.49,2864.0,有效发票
210395,E196,5023975,2019/10/21,C16039,94128.17,12236.66,106364.83,有效发票
210396,E196,5023976,2019/10/21,C16039,63187.76,8214.41,71402.17,有效发票
210397,E196,5023977,2019/10/21,C16039,63819.65,8296.55,72116.2,有效发票
210398,E196,2757013,2019/10/25,C13186,6128.49,796.71,6925.2,有效发票
210399,E196,5024615,2019/10/25,C15633,3500.88,455.12,3956.0,有效发票
210400,E196,2746391,2019/10/28,C07898,7800.88,1014.12,8815.0,有效发票
210401,E196,2757017,2019/10/28,C13186,256.45,33.35,289.8,有效发票
210402,E196,6919249,2019/10/29,C02304,1695.67,101.74,1797.41,有效发票
210403,E196,8779361,2019/10/29,C06776,47090.49,6121.76,53212.25,有效发票
210404,E196,8779362,2019/10/29,C06776,93156.35,12110.33,105266.68,有效发票
210405,E196,8779363,2019/10/29,C06776,85671.23,11137.26,96808.49,有效发票
210406,E196,8779364,2019/10/29,C06776,86503.58,11245.47,97749.05,有效发票
210407,E196,11250572,2019/10/29,C11979,89402.7,11622.35,101025.05,有效发票
210408,E196,8779365,2019/10/30,C06776,99115.04,12884.96,112000.0,有效发票
210409,E196,8779366,2019/10/30,C06776,99115.04,12884.96,112000.0,有效发票
210410,E196,8779367,2019/10/30,C06776,99115.04,12884.96,112000.0,有效发票
210411,E196,8779368,2019/10/30,C06776,99115.04,12884.96,112000.0,有效发票
210412,E196,8779369,2019/10/30,C06776,59285.19,7707.07,66992.26,有效发票
210413,E196,8779370,2019/10/30,C06776,46750.4,6077.55,52827.95,有效发票
210414,E196,18421476,2019/10/31,C05698,2912.62,87.38,3000.0,有效发票
210415,E196,6768330,2019/11/4,C12212,965.09,57.91,1023.0,作废发票
210416,E196,6768548,2019/11/4,C12212,965.09,57.91,1023.0,有效发票
210417,E196,6423194,2019/11/5,C13511,207.55,12.45,220.0,有效发票
210418,E196,30019591,2019/11/6,C08135,697.97,41.88,739.85,有效发票
210419,E196,10723468,2019/11/6,C12690,1168.14,151.86,1320.0,有效发票
210420,E196,11258819,2019/11/6,C16039,63632.79,8272.26,71905.05,有效发票
210421,E196,11055193,2019/11/8,C13186,78233.85,10170.4,88404.25,有效发票
210422,E196,91614225,2019/11/9,C16124,652.43,19.57,672.0,有效发票
210423,E196,7687892,2019/11/12,C06129,45647.12,5934.13,51581.25,有效发票
210424,E196,7183925,2019/11/13,C07314,8737.86,262.14,9000.0,有效发票
210425,E196,20641304,2019/11/13,C07882,4854.37,145.63,5000.0,有效发票
210426,E196,30112330,2019/11/13,C08135,51.89,3.11,55.0,有效发票
210427,E196,11279867,2019/11/14,C14861,82777.05,10761.02,93538.07,有效发票
210428,E196,11279868,2019/11/14,C14861,73332.75,9533.25,82866.0,有效发票
210429,E196,13422475,2019/11/15,C12006,140.71,18.29,159.0,有效发票
210430,E196,13431072,2019/11/17,C12006,1415.05,183.95,1599.0,有效发票
210431,E196,5463549,2019/11/20,C11790,7787.61,1012.39,8800.0,有效发票
210432,E196,4881292,2019/11/20,C13284,18623.89,2421.11,21045.0,作废发票
210433,E196,14109669,2019/11/21,C13284,25971.23,3376.27,29347.5,有效发票
210434,E196,7739521,2019/11/25,C13705,64439.65,8377.15,72816.8,有效发票
210435,E196,11238660,2019/11/25,C15525,16115.04,2094.96,18210.0,有效发票
210436,E196,8222009,2019/11/25,C16084,9363.03,1217.19,10580.22,有效发票
210437,E196,11450961,2019/11/26,C07898,5479.65,712.35,6192.0,有效发票
210438,E196,74381567,2019/11/26,C23259,251.46,7.54,259.0,有效发票
210439,E196,11250652,2019/11/27,C11979,11408.44,1483.09,12891.53,有效发票
210440,E196,72662432,2019/11/27,C12249,1886.79,113.21,2000.0,有效发票
210441,E196,11308531,2019/11/27,C13186,31656.29,4115.31,35771.6,有效发票
210442,E196,56415101,2019/11/27,C13501,8155.34,244.66,8400.0,作废发票
210443,E196,56415102,2019/11/27,C13501,4417.48,132.52,4550.0,作废发票
210444,E196,14122163,2019/11/28,C06776,35485.46,4613.11,40098.57,有效发票
210445,E196,54148349,2019/11/28,C07715,264.15,15.85,280.0,有效发票
210446,E196,14122219,2019/11/29,C06776,66911.5,8698.5,75610.0,有效发票
210447,E196,14122222,2019/11/29,C06776,95155.75,12370.25,107526.0,有效发票
210448,E196,14122235,2019/11/29,C06776,57265.27,7444.49,64709.76,有效发票
210449,E196,14122236,2019/11/29,C06776,64858.62,8431.62,73290.24,有效发票
210450,E196,14122237,2019/11/29,C06776,99115.04,12884.96,112000.0,有效发票
210451,E196,56415105,2019/11/29,C13501,2138.83,64.17,2203.0,有效发票
210452,E196,1004087,2019/12/2,C12212,565.09,33.91,599.0,有效发票
210453,E196,13703081,2019/12/3,C15272,17938.05,2331.95,20270.0,作废发票
210454,E196,13703095,2019/12/4,C15272,17938.05,2331.95,20270.0,有效发票
210455,E196,14074753,2019/12/6,C15480,9050.0,543.0,9593.0,有效发票
210456,E196,54355,2019/12/9,C12725,11674.33,1517.67,13192.0,有效发票
210457,E196,32553765,2019/12/10,C23112,1133.98,34.02,1168.0,有效发票
210458,E196,12502769,2019/12/11,C16039,41277.88,5366.12,46644.0,有效发票
210459,E196,46933579,2019/12/12,C08135,447.17,26.83,474.0,有效发票
210460,E196,54116218,2019/12/12,C22554,564.08,16.92,581.0,有效发票
210461,E196,46937053,2019/12/13,C08135,54.72,3.28,58.0,有效发票
210462,E196,2772745,2019/12/13,C16012,2346.9,305.1,2652.0,有效发票
210463,E196,14219870,2019/12/18,C16039,31367.83,4077.82,35445.65,有效发票
210464,E196,2793797,2019/12/19,C13186,687.39,89.36,776.75,有效发票
210465,E196,11861719,2019/12/20,C07314,2187.61,284.39,2472.0,有效发票
210466,E196,2758398,2019/12/20,C13284,5579.65,725.35,6305.0,有效发票
210467,E196,2758399,2019/12/20,C13284,9734.51,1265.49,11000.0,有效发票
210468,E196,2758400,2019/12/20,C13284,5736.19,745.71,6481.9,有效发票
210469,E196,2758401,2019/12/20,C13284,5739.47,746.13,6485.6,有效发票
210470,E196,14259929,2019/12/21,C14861,99992.43,12999.02,112991.45,有效发票
210471,E196,14259930,2019/12/21,C14861,88692.57,11530.04,100222.61,作废发票
210472,E196,14130513,2019/12/23,C11979,94655.0,12305.15,106960.15,有效发票
210473,E196,14130514,2019/12/23,C11979,99310.1,12910.31,112220.41,有效发票
210474,E196,14130515,2019/12/23,C11979,89633.98,11652.42,101286.4,有效发票
210475,E196,14130516,2019/12/23,C11979,91550.97,11901.63,103452.6,有效发票
210476,E196,14130517,2019/12/23,C11979,90671.15,11787.25,102458.4,有效发票
210477,E196,14130518,2019/12/23,C11979,91639.47,11913.13,103552.6,有效发票
210478,E196,14130519,2019/12/23,C11979,89632.3,11652.2,101284.5,有效发票
210479,E196,14130520,2019/12/23,C11979,89613.72,11649.78,101263.5,有效发票
210480,E196,14130521,2019/12/23,C11979,65918.47,8569.4,74487.87,有效发票
210481,E196,14109679,2019/12/23,C13284,14050.88,1826.62,15877.5,有效发票
210482,E196,13590397,2019/12/23,C13349,1902.57,247.33,2149.9,有效发票
210483,E196,14259931,2019/12/23,C14861,88663.84,11526.3,100190.14,有效发票
210484,E196,14259932,2019/12/23,C14861,99752.87,12967.88,112720.75,有效发票
210485,E196,2866407,2019/12/23,C15065,14911.47,1938.49,16849.96,有效发票
210486,E196,16811297,2019/12/24,C12006,31.6,4.1,35.7,有效发票
210487,E196,14259948,2019/12/24,C14861,99998.76,12999.84,112998.6,有效发票
210488,E196,14259949,2019/12/24,C14861,99998.76,12999.84,112998.6,有效发票
210489,E196,14259950,2019/12/24,C14861,99998.76,12999.84,112998.6,有效发票
210490,E196,14259951,2019/12/24,C14861,99998.76,12999.84,112998.6,有效发票
210491,E196,14259952,2019/12/24,C14861,99998.76,12999.84,112998.6,有效发票
210492,E196,14259953,2019/12/24,C14861,96688.94,12569.56,109258.5,有效发票
210493,E196,11861769,2019/12/26,C07314,10500.0,1365.0,11865.0,有效发票
210494,E196,15893146,2019/12/26,C16039,86371.68,11228.32,97600.0,有效发票
210495,E196,15893147,2019/12/26,C16039,87079.65,11320.35,98400.0,有效发票
210496,E196,15893148,2019/12/26,C16039,87079.65,11320.35,98400.0,有效发票
210497,E196,15893149,2019/12/26,C16039,89895.84,11686.46,101582.3,有效发票
210498,E196,15893150,2019/12/26,C16039,91032.17,11834.18,102866.35,有效发票
210499,E196,2755327,2019/12/27,C06776,73695.77,9580.44,83276.21,有效发票
210500,E196,2755328,2019/12/27,C06776,96173.42,12502.55,108675.97,有效发票
210501,E196,12008243,2019/12/27,C12474,7255.21,943.19,8198.4,有效发票
210502,E196,14287272,2019/12/27,C15525,35035.4,4554.6,39590.0,有效发票
210503,E196,30311800,2019/12/28,C08135,654.76,39.29,694.05,有效发票
210504,E196,2755379,2019/12/30,C06776,99115.04,12884.96,112000.0,有效发票
210505,E196,2755380,2019/12/30,C06776,99115.04,12884.96,112000.0,有效发票
210506,E196,2755381,2019/12/30,C06776,99115.04,12884.96,112000.0,有效发票
210507,E196,2755382,2019/12/30,C06776,99115.04,12884.96,112000.0,有效发票
210508,E196,2755383,2019/12/30,C06776,99115.04,12884.96,112000.0,有效发票
210509,E196,2755384,2019/12/30,C06776,99115.04,12884.96,112000.0,有效发票
210510,E196,2755385,2019/12/30,C06776,98288.05,12777.45,111065.5,有效发票
210511,E196,2755386,2019/12/30,C06776,81824.42,10637.18,92461.6,有效发票
210512,E196,2755387,2019/12/30,C06776,81058.17,10537.56,91595.73,有效发票
210513,E196,2755388,2019/12/30,C06776,17757.08,2308.42,20065.5,有效发票
210514,E196,30434705,2019/12/30,C08135,296.23,17.77,314.0,有效发票
210515,E196,2930626,2019/12/30,C12911,3982.3,517.7,4500.0,有效发票
210516,E196,2790692,2019/12/30,C13186,20162.9,2621.18,22784.08,有效发票
210517,E196,15896721,2019/12/31,C13284,14946.9,1943.1,16890.0,有效发票
210518,E196,10902526,2020/1/2,C12474,14249.56,1852.44,16102.0,有效发票
210519,E196,14168463,2020/1/3,C15104,7699.12,1000.88,8700.0,有效发票
210520,E196,15643460,2020/1/4,C12212,3116.04,186.96,3303.0,有效发票
210521,E196,10956624,2020/1/6,C02304,2477.41,148.64,2626.05,有效发票
210522,E196,10344563,2020/1/6,C05734,1415.93,184.07,1600.0,有效发票
210523,E196,2931034,2020/1/6,C15181,45514.53,5916.89,51431.42,有效发票
210524,E196,2842019,2020/1/6,C15480,7392.46,443.54,7836.0,有效发票
210525,E196,37224304,2020/1/8,C13620,28489.89,3010.11,31500.0,有效发票
210526,E196,15485758,2020/1/8,C16039,41277.88,5366.12,46644.0,作废发票
210527,E196,15485760,2020/1/8,C16039,10176.99,1323.01,11500.0,有效发票
210528,E196,2047051,2020/1/9,C11797,59817.42,7776.28,67593.7,有效发票
210529,E196,16873967,2020/1/10,C12006,125.67,16.33,142.0,有效发票
210530,E196,15068392,2020/1/10,C12690,1126.55,146.45,1273.0,有效发票
210531,E196,48953629,2020/1/10,C23112,1215.53,36.47,1252.0,有效发票
210532,E196,14548943,2020/1/13,C11790,6902.66,897.34,7800.0,有效发票
210533,E196,522463,2020/1/15,C08399,4343.71,130.29,4474.0,有效发票
210534,E196,18601851,2020/1/15,C11979,29822.12,3876.88,33699.0,有效发票
210535,E196,17194654,2020/1/15,C13349,2242.04,291.46,2533.5,有效发票
210536,E196,14287286,2020/1/15,C15525,31207.97,4057.03,35265.0,有效发票
210537,E196,15315508,2020/1/16,C13705,54947.28,7143.15,62090.43,有效发票
210538,E196,16159476,2020/1/16,C15065,10274.33,1335.67,11610.0,有效发票
210539,E196,18589331,2020/1/17,C13186,24222.48,3148.92,27371.4,有效发票
210540,E196,64740005,2020/1/18,C08135,318.87,19.13,338.0,有效发票
210541,E196,57730720,2020/1/19,C03432,221.36,6.64,228.0,有效发票
210542,E196,8378424,2020/1/19,C03641,194.95,25.35,220.3,有效发票
210543,E196,14571153,2020/1/19,C07314,4893.81,636.19,5530.0,有效发票
210544,E196,84321,2020/1/19,C12006,86.46,11.24,97.7,有效发票
210545,E196,17800819,2020/2/20,C12212,171.7,10.3,182.0,有效发票
